15
0.373039597706 -0.060958077118 0.211276842424 -0.224661632977 0.058611247525 -0.226684575608 -0.001248765590 0.091481512436 -0.121375484652 0.084017860220 -0.040370988738 -0.234629268033 -0.016619384740 0.189322877256 0.062404653913
-0.060958077118 0.500994553543 0.226801193987 0.092008154380 -0.002195433327 -0.154500700581 0.014222739036 0.127314730041 0.048366550240 -0.012996758993 -0.206791562599 -0.090311112350 0.111146634265 -0.172930178292 -0.128828601198
0.211276842424 0.226801193987 0.603158153508 -0.180744638593 -0.191210617679 0.075020940637 0.150033905239 -0.079052057158 0.020075129221 -0.139487519871 0.108989537966 0.273440929690 0.203607180603 0.009098346801 0.192085447577
-0.224661632977 0.092008154380 -0.180744638593 0.568082387438 0.040490772107 -0.218206694380 0.129027160846 -0.125605032534 0.068418531926 0.197927119794 0.195671042671 0.050736863579 -0.093510022608 0.259170566085 0.153186287955
0.058611247525 -0.002195433327 -0.191210617679 0.040490772107 0.427109796609 0.017780006640 -0.336236196838 0.243392531542 -0.052222203528 -0.161335235605 0.116873542294 -0.121647578915 0.024657956499 -0.102388246729 0.326944355116
-0.226684575608 -0.154500700581 0.075020940637 -0.218206694380 0.017780006640 0.418698296288 -0.123955751970 0.063902895323 0.372750633364 -0.007175502817 0.071762752694 -0.087375696064 0.053658947568 0.125539495940 0.091036201378
-0.001248765590 0.014222739036 0.150033905239 0.129027160846 -0.336236196838 -0.123955751970 0.430704442167 0.039024750111 0.091924357121 -0.049036234354 0.105672494379 0.012949156823 -0.211159668184 -0.030806628447 0.019084241151
0.091481512436 0.127314730041 -0.079052057158 -0.125605032534 0.243392531542 0.063902895323 0.039024750111 0.484443710196 -0.032986393894 -0.128019396874 0.168616869863 0.050935354289 -0.004220878826 0.041970490309 -0.102967502864
-0.121375484652 0.048366550240 0.020075129221 0.068418531926 -0.052222203528 0.372750633364 0.091924357121 -0.032986393894 0.457261852755 -0.034100413111 -0.227959388640 0.128632900611 -0.325883338422 0.060055758020 0.318264370105
0.084017860220 -0.012996758993 -0.139487519871 0.197927119794 -0.161335235605 -0.007175502817 -0.049036234354 -0.128019396874 -0.034100413111 0.684657435121 -0.024056378491 -0.148933818354 -0.023458473682 0.057418907140 0.002512053164
-0.040370988738 -0.206791562599 0.108989537966 0.195671042671 0.116873542294 0.071762752694 0.105672494379 0.168616869863 -0.227959388640 -0.024056378491 0.436247203103 0.039085375510 -0.023114883730 -0.001761071230 0.118541860220
-0.234629268033 -0.090311112350 0.273440929690 0.050736863579 -0.121647578915 -0.087375696064 0.012949156823 0.050935354289 0.128632900611 -0.148933818354 0.039085375510 0.620389589142 -0.246757112379 0.086600440351 -0.158033214517
-0.016619384740 0.111146634265 0.203607180603 -0.093510022608 0.024657956499 0.053658947568 -0.211159668184 -0.004220878826 -0.325883338422 -0.023458473682 -0.023114883730 -0.246757112379 0.383046477761 -0.028906158543 -0.343406303564
0.189322877256 -0.172930178292 0.009098346801 0.259170566085 -0.102388246729 0.125539495940 -0.030806628447 0.041970490309 0.060055758020 0.057418907140 -0.001761071230 0.086600440351 -0.028906158543 0.528522885055 -0.186609226987
0.062404653913 -0.128828601198 0.192085447577 0.153186287955 0.326944355116 0.091036201378 0.019084241151 -0.102967502864 0.318264370105 0.002512053164 0.118541860220 -0.158033214517 -0.343406303564 -0.186609226987 0.417589885574
