15
0.580784007821 0.044328251736 -0.142852828924 0.092568551775 -0.175284990525 -0.091739648573 0.173933544797 0.050880007017 0.299532926747 -0.248106207155 -0.004612889194 0.215384446844 -0.160831233822 -0.273463781838 -0.161812949875
0.044328251736 0.341374268620 -0.203131286283 0.043521552942 -0.128476567610 0.071248709357 0.132678014610 0.034595639625 0.113666947911 0.222760572899 -0.030839793561 -0.062827752124 -0.188086765752 0.250175689046 -0.091953080360
-0.142852828924 -0.203131286283 0.365696472679 -0.122396749879 0.035584677741 -0.129443967375 -0.146966943732 -0.010066405007 -0.165114457862 -0.042370663655 0.314097958117 0.045854862692 0.173755829504 -0.348988919966 0.350348353569
0.092568551775 0.043521552942 -0.122396749879 0.590996360779 -0.019411515206 0.241795584594 0.223330944015 0.050435445625 0.038761235400 -0.027752237528 -0.162157977688 0.125587381835 0.171150873558 -0.133912182497 0.211502881181
-0.175284990525 -0.128476567610 0.035584677741 -0.019411515206 0.622419722950 -0.023421681623 0.159144563676 -0.002010334684 -0.088209045503 0.268628634769 0.118850557772 0.010080855035 -0.193015496861 -0.113444256970 0.143520232794
-0.091739648573 0.071248709357 -0.129443967375 0.241795584594 -0.023421681623 0.383079553076 -0.116205958988 0.043250171813 -0.127122739749 0.101028773086 -0.394511075633 -0.278293514024 -0.299120378668 -0.103145648228 0.163288092866
0.173933544797 0.132678014610 -0.146966943732 0.223330944015 0.159144563676 -0.116205958988 0.561282444518 -0.415976657298 -0.015312450621 -0.127536597873 -0.036172844281 0.062556757397 -0.028215004512 0.007785201215 -0.022727341132
0.050880007017 0.034595639625 -0.010066405007 0.050435445625 -0.002010334684 0.043250171813 -0.415976657298 0.452584517366 -0.064727454985 0.184251306951 -0.067834758757 0.189173015223 0.100804455252 0.088177705066 0.102553307804
0.299532926747 0.113666947911 -0.165114457862 0.038761235400 -0.088209045503 -0.127122739749 -0.015312450621 -0.064727454985 0.474231045576 0.077848165901 -0.071004451810 0.122982982149 0.215377336352 -0.101367075949 -0.032008530551
-0.248106207155 0.222760572899 -0.042370663655 -0.027752237528 0.268628634769 0.101028773086 -0.127536597873 0.184251306951 0.077848165901 0.584315480959 -0.324826873759 0.303041822159 -0.008234393167 -0.249086581537 -0.267921408256
-0.004612889194 -0.030839793561 0.314097958117 -0.162157977688 0.118850557772 -0.394511075633 -0.036172844281 -0.067834758757 -0.071004451810 -0.324826873759 0.376236844937 -0.103713656280 -0.033259591989 0.253884514585 0.027071248965
0.215384446844 -0.062827752124 0.045854862692 0.125587381835 0.010080855035 -0.278293514024 0.062556757397 0.189173015223 0.122982982149 0.303041822159 -0.103713656280 0.467903738132 -0.020561131364 -0.242698437375 -0.141871933188
-0.160831233822 -0.188086765752 0.173755829504 0.171150873558 -0.193015496861 -0.299120378668 -0.028215004512 0.100804455252 0.215377336352 -0.008234393167 -0.033259591989 -0.020561131364 0.765042803075 0.005825173781 -0.054795372682
-0.273463781838 0.250175689046 -0.348988919966 -0.133912182497 -0.113444256970 -0.103145648228 0.007785201215 0.088177705066 -0.101367075949 -0.249086581537 0.253884514585 -0.242698437375 0.005825173781 0.558890455362 -0.170835971846
-0.161812949875 -0.091953080360 0.350348353569 0.211502881181 0.143520232794 0.163288092866 -0.022727341132 0.102553307804 -0.032008530551 -0.267921408256 0.027071248965 -0.141871933188 -0.054795372682 -0.170835971846 0.469402969122
