15
0.480027546560 0.049563196040 -0.081700756741 -0.045883834711 0.051374966875 0.233590773558 -0.049667227405 0.144143812775 0.242203666435 0.338920866473 -0.046361663446 -0.004353863655 0.242344140704 0.297168889735 -0.141557461478
0.049563196040 0.525059830769 -0.390744435913 -0.076578768200 0.066734281008 -0.166710071481 -0.010279817763 -0.002862912285 0.169065444233 0.025283905767 0.117417374577 -0.004037058154 0.154700368762 -0.099822485453 -0.020216803527
-0.081700756741 -0.390744435913 0.511905298916 0.176022458226 0.044948665546 0.268878551264 -0.028826911465 -0.182329739575 0.155332610414 0.181726510053 -0.228232029924 0.036619594921 0.038483234319 -0.082100921946 0.105066453688
-0.045883834711 -0.076578768200 0.176022458226 0.649551630878 0.095274749415 0.054835810962 -0.057653586013 -0.006037024929 -0.141000541171 0.010663899934 0.010700651323 0.179556240088 -0.022773624464 0.057989684119 -0.202949353341
0.051374966875 0.066734281008 0.044948665546 0.095274749415 0.536979771282 -0.155860146338 0.081202054374 0.193501698171 -0.058812032200 -0.116524530695 -0.008199823402 0.317357560784 -0.130633293801 -0.138863849766 0.278409385391
0.233590773558 -0.166710071481 0.268878551264 0.054835810962 -0.155860146338 0.450506036961 -0.082646450414 0.222718566422 0.176151373381 0.018212287679 -0.084033252123 0.008280308695 -0.075788804004 -0.074337651194 0.028946090817
-0.049667227405 -0.010279817763 -0.028826911465 -0.057653586013 0.081202054374 -0.082646450414 0.584522382471 0.204205382774 -0.173884279281 0.078803649759 0.064696369050 -0.197387513673 -0.183692929119 -0.219028374507 0.083117113449
0.144143812775 -0.002862912285 -0.182329739575 -0.006037024929 0.193501698171 0.222718566422 0.204205382774 0.594354949608 0.115863832274 -0.176945111738 0.047162127188 -0.341530355748 0.074849848178 -0.041805537639 -0.030011731165
0.242203666435 0.169065444233 0.155332610414 -0.141000541171 -0.058812032200 0.176151373381 -0.173884279281 0.115863832274 0.484052194172 0.055333198038 0.296623374723 0.196481287530 -0.204069804832 0.072959315245 -0.036463455481
0.338920866473 0.025283905767 0.181726510053 0.010663899934 -0.116524530695 0.018212287679 0.078803649759 -0.176945111738 0.055333198038 0.679919490971 0.207940080202 0.117123312290 -0.002939853651 0.018203747692 -0.113405097196
-0.046361663446 0.117417374577 -0.228232029924 0.010700651323 -0.008199823402 -0.084033252123 0.064696369050 0.047162127188 0.296623374723 0.207940080202 0.373685779419 -0.166912127448 -0.059071818375 0.112299955707 -0.210403916165
-0.004353863655 -0.004037058154 0.036619594921 0.179556240088 0.317357560784 0.008280308695 -0.197387513673 -0.341530355748 0.196481287530 0.117123312290 -0.166912127448 0.585964051644 0.018867955332 -0.302038147773 0.188204819605
0.242344140704 0.154700368762 0.038483234319 -0.022773624464 -0.130633293801 -0.075788804004 -0.183692929119 0.074849848178 -0.204069804832 -0.002939853651 -0.059071818375 0.018867955332 0.581189732726 -0.070535591521 0.089196474332
0.297168889735 -0.099822485453 -0.082100921946 0.057989684119 -0.138863849766 -0.074337651194 -0.219028374507 -0.041805537639 0.072959315245 0.018203747692 0.112299955707 -0.302038147773 -0.070535591521 0.581677281598 0.153541302335
-0.141557461478 -0.020216803527 0.105066453688 -0.202949353341 0.278409385391 0.028946090817 0.083117113449 -0.030011731165 -0.036463455481 -0.113405097196 -0.210403916165 0.188204819605 0.089196474332 0.153541302335 0.515060369011
