15
0.412200709114 -0.000666413807 0.323895895814 0.018889313404 0.010012571106 0.002736808710 -0.006876593924 0.168378150518 -0.109750624094 -0.029328943892 -0.046516153881 0.072415677576 0.239326468255 0.050894424205 0.087277499622
-0.000666413807 0.552461450367 -0.202527786651 0.203602060517 -0.003622917272 0.071589119770 0.007749427342 0.021454840439 0.070084774965 -0.013634468801 0.100365882646 0.038179183900 -0.029194486209 0.007031267629 -0.129573324194
0.323895895814 -0.202527786651 0.398192036877 -0.186130797823 0.082913149071 0.111254884079 0.097241020186 -0.001264962907 -0.059011269383 -0.141329240576 0.170386212515 -0.048277566979 -0.140254693836 -0.064418947437 -0.061198595218
0.018889313404 0.203602060517 -0.186130797823 0.354636594614 -0.068143184434 -0.214726137538 -0.004950958461 0.130778453791 0.166523122658 0.156074979913 0.128218450950 0.198237686867 0.114397322735 0.027769463252 0.050895380481
0.010012571106 -0.003622917272 0.082913149071 -0.068143184434 0.462865296833 0.040182448764 -0.066153232072 0.197771561249 -0.158501730257 -0.126364261885 0.218298509656 -0.001571135906 0.031869180825 -0.025180247859 0.124001964113
0.002736808710 0.071589119770 0.111254884079 -0.214726137538 0.040182448764 0.545265618344 -0.057799878501 0.081898300397 -0.000237861258 0.071128536983 0.103410784568 0.155663800870 0.136210422785 -0.215110792928 -0.019233209431
-0.006876593924 0.007749427342 0.097241020186 -0.004950958461 -0.066153232072 -0.057799878501 0.355938627864 -0.258308296801 -0.010306099000 -0.154255655985 0.162970228261 -0.037977690349 0.029229145185 -0.041721142587 -0.057617943798
0.168378150518 0.021454840439 -0.001264962907 0.130778453791 0.197771561249 0.081898300397 -0.258308296801 0.333181537934 -0.026654551450 0.087549130087 -0.079854981821 0.153286806817 0.094706344309 -0.059127518081 -0.116488896207
-0.109750624094 0.070084774965 -0.059011269383 0.166523122658 -0.158501730257 -0.000237861258 -0.010306099000 -0.026654551450 0.344547046163 0.246967926371 0.105063703983 -0.025175896579 -0.203239864968 -0.210346933441 0.008829709040
-0.029328943892 -0.013634468801 -0.141329240576 0.156074979913 -0.126364261885 0.071128536983 -0.154255655985 0.087549130087 0.246967926371 0.286840765041 0.134158857646 -0.057398336111 0.019701230235 0.126570013651 -0.010664431214
-0.046516153881 0.100365882646 0.170386212515 0.128218450950 0.218298509656 0.103410784568 0.162970228261 -0.079854981821 0.105063703983 0.134158857646 0.379091676497 -0.069426148604 -0.101381838574 0.179941585238 0.064326657247
0.072415677576 0.038179183900 -0.048277566979 0.198237686867 -0.001571135906 0.155663800870 -0.037977690349 0.153286806817 -0.025175896579 -0.057398336111 -0.069426148604 0.459574467829 -0.026188119086 0.014724701026 0.154409015887
0.239326468255 -0.029194486209 -0.140254693836 0.114397322735 0.031869180825 0.136210422785 0.029229145185 0.094706344309 -0.203239864968 0.019701230235 -0.101381838574 -0.026188119086 0.507866747681 -0.040441301174 0.124557094159
0.050894424205 0.007031267629 -0.064418947437 0.027769463252 -0.025180247859 -0.215110792928 -0.041721142587 -0.059127518081 -0.210346933441 0.126570013651 0.179941585238 0.014724701026 -0.040441301174 0.554877755708 -0.102031765257
0.087277499622 -0.129573324194 -0.061198595218 0.050895380481 0.124001964113 -0.019233209431 -0.057617943798 -0.116488896207 0.008829709040 -0.010664431214 0.064326657247 0.154409015887 0.124557094159 -0.102031765257 0.286916250771
