15
0.572576465166 0.061212737010 -0.159246819967 0.123478583090 0.177236176092 0.151816648926 -0.021136604213 -0.011024991358 -0.030036391928 0.052953059553 -0.067151643670 0.161444101298 -0.125616356825 0.076718408570 -0.419088936779
0.061212737010 0.387149863763 0.071891142904 -0.255944854663 0.014552245940 -0.233654612165 0.092183269155 -0.167762387572 0.054025911581 -0.079394623132 0.180319617763 -0.222252658231 -0.112122921619 0.336364595749 -0.173737815901
-0.159246819967 0.071891142904 0.350658115958 -0.019843773641 0.003613501584 0.016086819250 0.265204829986 0.116556919361 0.056914062468 -0.057260558147 0.043431299874 0.168448164670 -0.249236919371 -0.060148565406 0.311151272224
0.123478583090 -0.255944854663 -0.019843773641 0.433355186129 0.439457693896 -0.176352532967 0.168554620975 0.135260144485 -0.138576724973 -0.208207446518 -0.025627069917 0.036860490130 0.026912068669 -0.104626089892 0.006492211289
0.177236176092 0.014552245940 0.003613501584 0.439457693896 0.326485547869 -0.023822712973 0.096795464244 0.009290431241 0.211630555302 -0.251043538194 -0.016440049457 -0.140023550428 0.008848463260 -0.137543537457 0.023646138482
0.151816648926 -0.233654612165 0.016086819250 -0.176352532967 -0.023822712973 0.580889596959 -0.179533938318 0.121715650066 0.065718243597 -0.152821104167 0.230178731495 -0.031039826654 0.097696014443 0.089676648306 0.311305601197
-0.021136604213 0.092183269155 0.265204829986 0.168554620975 0.096795464244 -0.179533938318 0.406045405848 0.253890158844 -0.167888120775 -0.046517450242 -0.086404656053 -0.133645565174 -0.281482148435 0.057222294925 0.174282131295
-0.011024991358 -0.167762387572 0.116556919361 0.135260144485 0.009290431241 0.121715650066 0.253890158844 0.548075264485 -0.122768779468 0.354043845595 0.199165480674 0.075847123269 0.337325789251 -0.064411217148 -0.064061962108
-0.030036391928 0.054025911581 0.056914062468 -0.138576724973 0.211630555302 0.065718243597 -0.167888120775 -0.122768779468 0.638706154508 0.000205421714 -0.142911126242 0.063439683700 0.097160799537 -0.311668325150 -0.038654952186
0.052953059553 -0.079394623132 -0.057260558147 -0.208207446518 -0.251043538194 -0.152821104167 -0.046517450242 0.354043845595 0.000205421714 0.396002165802 -0.021744302075 -0.215291607647 -0.108220992278 -0.275383310060 -0.126977843787
-0.067151643670 0.180319617763 0.043431299874 -0.025627069917 -0.016440049457 0.230178731495 -0.086404656053 0.199165480674 -0.142911126242 -0.021744302075 0.559482061840 -0.050872733842 -0.063347620091 -0.138462658085 -0.149546983449
0.161444101298 -0.222252658231 0.168448164670 0.036860490130 -0.140023550428 -0.031039826654 -0.133645565174 0.075847123269 0.063439683700 -0.215291607647 -0.050872733842 0.509727339026 0.003745626992 -0.030079433170 0.047871336092
-0.125616356825 -0.112122921619 -0.249236919371 0.026912068669 0.008848463260 0.097696014443 -0.281482148435 0.337325789251 0.097160799537 -0.108220992278 -0.063347620091 0.003745626992 0.516575853975 0.268538827256 -0.036897644698
0.076718408570 0.336364595749 -0.060148565406 -0.104626089892 -0.137543537457 0.089676648306 0.057222294925 -0.064411217148 -0.311668325150 -0.275383310060 -0.138462658085 -0.030079433170 0.268538827256 0.466924233411 0.101580289392
-0.419088936779 -0.173737815901 0.311151272224 0.006492211289 0.023646138482 0.311305601197 0.174282131295 -0.064061962108 -0.038654952186 -0.126977843787 -0.149546983449 0.047871336092 -0.036897644698 0.101580289392 0.383958644233
