15
0.520463158897 -0.154343422947 -0.098147402466 0.200185306762 0.100468826916 0.144493014243 0.017347409982 0.119793604663 0.246040924111 0.181630011086 -0.224196523421 -0.015544229836 0.069165663047 -0.173939772945 -0.266800229538
-0.154343422947 0.385974929178 -0.249365353015 -0.023527952020 0.039926196845 0.098529856462 0.308605455740 -0.089079647622 0.014965207548 -0.060895280819 0.131261402463 -0.254395871498 0.051455179868 0.211421981180 0.088835070579
-0.098147402466 -0.249365353015 0.424674236976 0.122771200454 -0.031225660941 -0.065878023219 -0.037285605071 -0.010313823982 0.111154552125 -0.049749460576 -0.130269275011 -0.007971263265 0.018064782662 0.108111532214 0.013725467966
0.200185306762 -0.023527952020 0.122771200454 0.385923647458 -0.014807856604 0.047085636398 -0.014296510554 0.022328329576 0.045425844334 0.099651769975 0.427942307246 -0.123102486195 -0.066655170547 -0.036100951947 -0.083969524383
0.100468826916 0.039926196845 -0.031225660941 -0.014807856604 0.605137986963 0.190468994965 0.372134670680 -0.110933678811 -0.018231862722 -0.105528634288 0.074450352351 -0.051691469804 0.162259164094 -0.030459643506 0.004308052836
0.144493014243 0.098529856462 -0.065878023219 0.047085636398 0.190468994965 0.481073619152 0.006742878225 -0.069116465596 0.172691499024 0.201002331278 -0.027248823296 -0.020368365615 -0.028927976413 0.042624898265 -0.046470035956
0.017347409982 0.308605455740 -0.037285605071 -0.014296510554 0.372134670680 0.006742878225 0.383179793992 -0.225492931117 0.274513946405 -0.010807377818 0.106299596658 0.201678129623 -0.214213474937 0.144464738912 0.147491171348
0.119793604663 -0.089079647622 -0.010313823982 0.022328329576 -0.110933678811 -0.069116465596 -0.225492931117 0.542085129444 0.181256728190 0.269145923448 0.068159336054 -0.392998401331 0.009996775509 0.262148134828 0.028844728151
0.246040924111 0.014965207548 0.111154552125 0.045425844334 -0.018231862722 0.172691499024 0.274513946405 0.181256728190 0.366216970373 0.043322168160 0.069132051525 -0.013407882662 0.088844651959 -0.080996441218 0.205325402905
0.181630011086 -0.060895280819 -0.049749460576 0.099651769975 -0.105528634288 0.201002331278 -0.010807377818 0.269145923448 0.043322168160 0.369428654322 0.282400336167 0.175466465464 -0.158005493485 -0.003337897900 0.034601646449
-0.224196523421 0.131261402463 -0.130269275011 0.427942307246 0.074450352351 -0.027248823296 0.106299596658 0.068159336054 0.069132051525 0.282400336167 0.446144125299 0.155045925610 0.227120771967 -0.150800718284 0.041197214756
-0.015544229836 -0.254395871498 -0.007971263265 -0.123102486195 -0.051691469804 -0.020368365615 0.201678129623 -0.392998401331 -0.013407882662 0.175466465464 0.155045925610 0.487525374442 -0.009225645657 0.054373185221 -0.261577977427
0.069165663047 0.051455179868 0.018064782662 -0.066655170547 0.162259164094 -0.028927976413 -0.214213474937 0.009996775509 0.088844651959 -0.158005493485 0.227120771967 -0.009225645657 0.482372523875 -0.207795050412 -0.319644732105
-0.173939772945 0.211421981180 0.108111532214 -0.036100951947 -0.030459643506 0.042624898265 0.144464738912 0.262148134828 -0.080996441218 -0.003337897900 -0.150800718284 0.054373185221 -0.207795050412 0.416670371115 0.080003386228
-0.266800229538 0.088835070579 0.013725467966 -0.083969524383 0.004308052836 -0.046470035956 0.147491171348 0.028844728151 0.205325402905 0.034601646449 0.041197214756 -0.261577977427 -0.319644732105 0.080003386228 0.513187080004
