10000
5
0 -997465496 -280837578 -360581033 585586682
997465496 0 402626252 -738805115 487296990
280837578 -402626252 0 367311644 -832545860
360581033 738805115 -367311644 0 889851035
-585586682 -487296990 832545860 -889851035 0
5
0 340823583 96865016 518789832 -20001766
-340823583 0 -366577315 -852744329 2722678
-96865016 366577315 0 -8482466 968086251
-518789832 852744329 8482466 0 89075281
20001766 -2722678 -968086251 -89075281 0
5
0 -979572614 522689240 18854196 419487136
979572614 0 -997280950 13274084 198088833
-522689240 997280950 0 -132327500 405042913
-18854196 -13274084 132327500 0 597331768
-419487136 -198088833 -405042913 -597331768 0
5
0 170317810 566049572 943630569 -845464138
-170317810 0 34610739 -938537972 31065815
-566049572 -34610739 0 187733939 444639513
-943630569 938537972 -187733939 0 823629617
845464138 -31065815 -444639513 -823629617 0
5
0 317594931 335732450 -514226028 -817608919
-317594931 0 -269293539 956163642 720732969
-335732450 269293539 0 722558326 -854715581
514226028 -956163642 -722558326 0 -720330835
817608919 -720732969 854715581 720330835 0
5
0 760220329 201334373 779463279 -790653720
-760220329 0 647187820 -314195491 590275236
-201334373 -647187820 0 940520912 -768272745
-779463279 314195491 -940520912 0 -1071911611
790653720 -590275236 768272745 1071911611 0
5
0 569104504 431097063 513282045 -561815195
-569104504 0 -1065831445 645078247 221245444
-431097063 1065831445 0 287539200 -749505697
-513282045 -645078247 -287539200 0 605203386
561815195 -221245444 749505697 -605203386 0
5
0 -618914069 -708332196 -346363062 849816359
618914069 0 -890415557 -912545010 64145170
708332196 890415557 0 207731681 -489381378
346363062 912545010 -207731681 0 431741274
-849816359 -64145170 489381378 -431741274 0
5
0 981553611 926059771 -115684305 416000071
-981553611 0 970672459 835662003 -489692947
-926059771 -970672459 0 -296511661 964391048
115684305 -835662003 296511661 0 700187810
-416000071 489692947 -964391048 -700187810 0
5
0 -307380530 158515142 162413202 -61192896
307380530 0 823949998 -477351528 -139880822
-158515142 -823949998 0 904517945 807886372
-162413202 477351528 -904517945 0 238054883
61192896 139880822 -807886372 -238054883 0
5
0 -208539320 -71913046 -42759386 701635529
208539320 0 863669743 -660383821 417270459
71913046 -863669743 0 -1026694096 -793451039
42759386 660383821 1026694096 0 241214447
-701635529 -417270459 793451039 -241214447 0
5
0 -287693870 302972384 881259266 577901527
287693870 0 -469441187 654441894 -631603932
-302972384 469441187 0 174430308 262846425
-881259266 -654441894 -174430308 0 507175015
-577901527 631603932 -262846425 -507175015 0
5
0 383032551 116353946 1075731584 -69113890
-383032551 0 -976752561 3909004 -338328753
-116353946 976752561 0 282919871 672553538
-1075731584 -3909004 -282919871 0 -838249970
69113890 338328753 -672553538 838249970 0
5
0 -550993776 -660089801 89675045 717736229
550993776 0 -340582453 227308693 142988578
660089801 340582453 0 854355832 -889120922
-89675045 -227308693 -854355832 0 306578556
-717736229 -142988578 889120922 -306578556 0
5
0 610251457 1027329256 -154239707 106199525
-610251457 0 329780424 121787131 300594757
-1027329256 -329780424 0 280488794 -1018071391
154239707 -121787131 -280488794 0 -863868078
-106199525 -300594757 1018071391 863868078 0
5
0 509896698 708280050 -546664070 716217039
-509896698 0 733920670 -452669136 509087807
-708280050 -733920670 0 57676729 146225880
546664070 452669136 -57676729 0 500467058
-716217039 -509087807 -146225880 -500467058 0
5
0 939208200 919184649 -250435351 418943721
-939208200 0 -974707986 -976751746 -387724511
-919184649 974707986 0 154101684 641335536
250435351 976751746 -154101684 0 -1003777332
-418943721 387724511 -641335536 1003777332 0
5
0 93451812 349803597 -1036921336 409616979
-93451812 0 -931759397 740134510 -695576506
-349803597 931759397 0 -327770779 862159866
1036921336 -740134510 327770779 0 128778335
-409616979 695576506 -862159866 -128778335 0
5
0 672936274 433554027 697473321 198018426
-672936274 0 292006616 -682749717 731162798
-433554027 -292006616 0 -1010876507 933828636
-697473321 682749717 1010876507 0 1070237246
-198018426 -731162798 -933828636 -1070237246 0
5
0 -346215524 441853709 269357663 1056495975
346215524 0 709199741 -500768523 718134468
-441853709 -709199741 0 -202303 -916615418
-269357663 500768523 202303 0 -670340473
-1056495975 -718134468 916615418 670340473 0
5
0 356501979 -1060334942 -954051590 727600737
-356501979 0 -965532748 557819012 435522088
1060334942 965532748 0 905880067 116559356
954051590 -557819012 -905880067 0 -679298641
-727600737 -435522088 -116559356 679298641 0
5
0 -234102491 -228541633 795644709 -875591855
234102491 0 860337544 -148111231 -406595868
228541633 -860337544 0 348445959 -872296454
-795644709 148111231 -348445959 0 563792320
875591855 406595868 872296454 -563792320 0
5
0 -82556702 461377575 127116084 -318012003
82556702 0 -306341221 746392907 762269078
-461377575 306341221 0 942069729 -931338072
-127116084 -746392907 -942069729 0 -584538329
318012003 -762269078 931338072 584538329 0
5
0 -58064763 -580981804 538675547 848733306
58064763 0 781811061 -913891573 -483409568
580981804 -781811061 0 683934936 1068772404
-538675547 913891573 -683934936 0 -587901490
-848733306 483409568 -1068772404 587901490 0
5
0 627502802 484726783 775292361 471989627
-627502802 0 -308967910 -811117186 835574491
-484726783 308967910 0 -729838907 -694738331
-775292361 811117186 729838907 0 168337512
-471989627 -835574491 694738331 -168337512 0
5
0 784317841 1024521497 -667146899 -1000220273
-784317841 0 175781422 68825637 268773699
-1024521497 -175781422 0 858187078 810630414
667146899 -68825637 -858187078 0 -984098572
1000220273 -268773699 -810630414 984098572 0
5
0 -243477711 34884871 -922793421 -544396683
243477711 0 -7098247 924561769 775983173
-34884871 7098247 0 -331630374 37647363
922793421 -924561769 331630374 0 -629899338
544396683 -775983173 -37647363 629899338 0
5
0 -347135074 -1004294004 -385343643 300901281
347135074 0 1005471326 718303380 565175647
1004294004 -1005471326 0 338180140 695538360
385343643 -718303380 -338180140 0 795065338
-300901281 -565175647 -695538360 -795065338 0
5
0 -867521596 688692619 239422912 -559506159
867521596 0 255460310 63718137 -637335909
-688692619 -255460310 0 122081752 -339801740
-239422912 -63718137 -122081752 0 46132112
559506159 637335909 339801740 -46132112 0
5
0 293803057 -34218878 -806619192 -1018861875
-293803057 0 -280189665 -883425938 -581379333
34218878 280189665 0 -613343722 -873789661
806619192 883425938 613343722 0 -1000250701
1018861875 581379333 873789661 1000250701 0
5
0 -769493460 780626889 208192059 -119533800
769493460 0 -743861751 -303082415 -652906073
-780626889 743861751 0 660115461 830870119
-208192059 303082415 -660115461 0 -158379727
119533800 652906073 -830870119 158379727 0
5
0 944746701 -947483655 476046022 245038949
-944746701 0 -456178934 576796155 849725289
947483655 456178934 0 -492687553 779234024
-476046022 -576796155 492687553 0 918306457
-245038949 -849725289 -779234024 -918306457 0
5
0 -791642398 -97013256 -954954125 304340132
791642398 0 -371804188 388003028 589482110
97013256 371804188 0 111139613 319857731
954954125 -388003028 -111139613 0 691202985
-304340132 -589482110 -319857731 -691202985 0
5
0 47816598 -31050925 654827047 -679953494
-47816598 0 651436427 -1014746328 -994624464
31050925 -651436427 0 56471610 662997911
-654827047 1014746328 -56471610 0 474631756
679953494 994624464 -662997911 -474631756 0
5
0 -70690748 -570798855 604442800 -460141631
70690748 0 588438246 862788386 1061178455
570798855 -588438246 0 83781024 -366315700
-604442800 -862788386 -83781024 0 973054346
460141631 -1061178455 366315700 -973054346 0
5
0 -809706917 358278980 938659878 -813441397
809706917 0 962396875 -540387546 -162602241
-358278980 -962396875 0 -604923863 -741955657
-938659878 540387546 604923863 0 -950671403
813441397 162602241 741955657 950671403 0
5
0 721503680 1048534238 51384987 95745109
-721503680 0 -281461373 -65465040 -613158430
-1048534238 281461373 0 -431085853 987991214
-51384987 65465040 431085853 0 -395989038
-95745109 613158430 -987991214 395989038 0
5
0 -1009987427 773029931 -482357454 -734204589
1009987427 0 362389442 275623092 -799191235
-773029931 -362389442 0 840203645 864362077
482357454 -275623092 -840203645 0 -531248748
734204589 799191235 -864362077 531248748 0
5
0 -772938134 -268005007 629239370 287024486
772938134 0 411466276 486508194 708564509
268005007 -411466276 0 -10645074 -948295793
-629239370 -486508194 10645074 0 607844918
-287024486 -708564509 948295793 -607844918 0
5
0 833365875 -930360714 -658254509 -400466102
-833365875 0 570193193 -287475866 20928640
930360714 -570193193 0 -986992476 488192905
658254509 287475866 986992476 0 32887402
400466102 -20928640 -488192905 -32887402 0
5
0 -977555883 -951792576 58972959 423521649
977555883 0 410201745 -733369282 -828033193
951792576 -410201745 0 -862277007 336115695
-58972959 733369282 862277007 0 1012668679
-423521649 828033193 -336115695 -1012668679 0
5
0 937146666 393651381 -613861323 -870531087
-937146666 0 674861361 -603979494 439811829
-393651381 -674861361 0 -146155059 -820111039
613861323 603979494 146155059 0 156259370
870531087 -439811829 820111039 -156259370 0
5
0 726902208 -974376214 -1032785231 -949138213
-726902208 0 772050717 -14607331 200989763
974376214 -772050717 0 818188873 -224055646
1032785231 14607331 -818188873 0 248259854
949138213 -200989763 224055646 -248259854 0
5
0 45082424 -170897629 277862865 -1046713028
-45082424 0 -247753756 -230695381 101048851
170897629 247753756 0 891168549 -1009584419
-277862865 230695381 -891168549 0 -87869271
1046713028 -101048851 1009584419 87869271 0
5
0 252890998 -61294190 -223736691 -408638922
-252890998 0 -421555873 888811205 -179696611
61294190 421555873 0 -596216417 63909928
223736691 -888811205 596216417 0 -878327437
408638922 179696611 -63909928 878327437 0
5
0 -662962493 -688085713 572848977 -439922081
662962493 0 240777920 788174241 760248903
688085713 -240777920 0 392037561 -910995520
-572848977 -788174241 -392037561 0 412459374
439922081 -760248903 910995520 -412459374 0
5
0 950289050 661697379 -650773769 427967342
-950289050 0 940279185 -396558312 460435681
-661697379 -940279185 0 264869798 265546462
650773769 396558312 -264869798 0 -988644549
-427967342 -460435681 -265546462 988644549 0
5
0 -38977499 -800991091 -906033276 251656156
38977499 0 115041997 124020871 61770251
800991091 -115041997 0 871306854 565049513
906033276 -124020871 -871306854 0 -934933280
-251656156 -61770251 -565049513 934933280 0
5
0 893194981 6354258 -303296074 565983242
-893194981 0 764286972 33331358 -704719472
-6354258 -764286972 0 -230425685 -485651009
303296074 -33331358 230425685 0 686721168
-565983242 704719472 485651009 -686721168 0
5
0 -935443361 -866624424 -600657033 -393185312
935443361 0 843693433 248487808 488934378
866624424 -843693433 0 173305750 960745583
600657033 -248487808 -173305750 0 -16492873
393185312 -488934378 -960745583 16492873 0
5
0 73452563 -602698250 -994409907 -793033003
-73452563 0 -1014413463 -647348751 391918196
602698250 1014413463 0 982056148 -501268293
994409907 647348751 -982056148 0 597610480
793033003 -391918196 501268293 -597610480 0
5
0 636984465 -676448774 -817788259 -219548566
-636984465 0 -911437609 -206717634 -543901748
676448774 911437609 0 970739069 98625621
817788259 206717634 -970739069 0 -990447163
219548566 543901748 -98625621 990447163 0
5
0 97555992 -105268645 273240855 -907055657
-97555992 0 1013389496 488071220 -432484279
105268645 -1013389496 0 372401918 -1015835024
-273240855 -488071220 -372401918 0 642867508
907055657 432484279 1015835024 -642867508 0
5
0 -707788951 972530978 -403057645 954204405
707788951 0 -669366479 503329445 -339440941
-972530978 669366479 0 314445218 666019876
403057645 -503329445 -314445218 0 870519010
-954204405 339440941 -666019876 -870519010 0
5
0 -535490697 311854293 -358853652 -491329951
535490697 0 1016998435 -1035587161 -427958455
-311854293 -1016998435 0 204213583 -356703452
358853652 1035587161 -204213583 0 -13794361
491329951 427958455 356703452 13794361 0
5
0 75580601 171395275 710919221 338086467
-75580601 0 1074106396 719975518 -337650068
-171395275 -1074106396 0 -137636635 -691457954
-710919221 -719975518 137636635 0 -805148744
-338086467 337650068 691457954 805148744 0
5
0 835100227 605249665 -814162109 708909541
-835100227 0 -725644536 601403532 689153386
-605249665 725644536 0 -394375850 -1037289035
814162109 -601403532 394375850 0 -652468472
-708909541 -689153386 1037289035 652468472 0
5
0 -495936409 -136747431 124905969 266632625
495936409 0 980816043 -362547017 -529086348
136747431 -980816043 0 119521218 -33463044
-124905969 362547017 -119521218 0 -159603766
-266632625 529086348 33463044 159603766 0
5
0 908469389 622000628 -399594835 407752474
-908469389 0 -551599905 771883150 902657822
-622000628 551599905 0 -1729872 86094979
399594835 -771883150 1729872 0 486779890
-407752474 -902657822 -86094979 -486779890 0
5
0 318814204 -166669010 1055153424 200999668
-318814204 0 -551413557 249107138 -459804659
166669010 551413557 0 340029523 943864402
-1055153424 -249107138 -340029523 0 1074372779
-200999668 459804659 -943864402 -1074372779 0
5
0 -53007882 -480379681 228867013 654634551
53007882 0 577857445 -461947453 -845538340
480379681 -577857445 0 665115622 -682296833
-228867013 461947453 -665115622 0 322193313
-654634551 845538340 682296833 -322193313 0
5
0 269648324 -290078443 705783990 445714229
-269648324 0 -152927920 656765735 -560777633
290078443 152927920 0 541115415 -1019856666
-705783990 -656765735 -541115415 0 94516897
-445714229 560777633 1019856666 -94516897 0
5
0 1075908389 -6041460 -911658666 173775795
-1075908389 0 -336560032 -385421908 -402551380
6041460 336560032 0 1010893497 369931194
911658666 385421908 -1010893497 0 -256915067
-173775795 402551380 -369931194 256915067 0
5
0 -930881199 948462067 -494039426 -375446564
930881199 0 201672494 228105061 205054845
-948462067 -201672494 0 -728860186 229179729
494039426 -228105061 728860186 0 140249577
375446564 -205054845 -229179729 -140249577 0
5
0 -825058333 -1010712507 -387845269 -189025495
825058333 0 -404802346 -931242707 740608997
1010712507 404802346 0 -548059346 1057067579
387845269 931242707 548059346 0 -422352947
189025495 -740608997 -1057067579 422352947 0
5
0 132063965 931292362 1060833820 -402523322
-132063965 0 941809562 -1015731949 994633613
-931292362 -941809562 0 830785653 -926988966
-1060833820 1015731949 -830785653 0 -33997196
402523322 -994633613 926988966 33997196 0
5
0 -22633079 932806219 -9912405 -347323691
22633079 0 -706832958 396180322 -725720404
-932806219 706832958 0 -897057255 1039132851
9912405 -396180322 897057255 0 -303163146
347323691 725720404 -1039132851 303163146 0
5
0 374670101 -882008496 -86407564 931082270
-374670101 0 -224194008 479916522 -608837304
882008496 224194008 0 1075510016 -130187203
86407564 -479916522 -1075510016 0 442731133
-931082270 608837304 130187203 -442731133 0
5
0 169142047 -248710219 -1049572589 -677814950
-169142047 0 -238064273 -186384113 -436346613
248710219 238064273 0 -450078351 -962632833
1049572589 186384113 450078351 0 -521502537
677814950 436346613 962632833 521502537 0
5
0 481036877 912631426 1065765308 708344988
-481036877 0 996700930 -38331700 926516499
-912631426 -996700930 0 559235554 -863776404
-1065765308 38331700 -559235554 0 300758586
-708344988 -926516499 863776404 -300758586 0
5
0 799497123 -34214561 678352914 -737707472
-799497123 0 -49339395 -268380981 -551743627
34214561 49339395 0 -27954202 279954900
-678352914 268380981 27954202 0 -237551789
737707472 551743627 -279954900 237551789 0
5
0 -15231247 967540013 220981451 -677370467
15231247 0 -918404278 56826500 556464542
-967540013 918404278 0 -74771324 1009972797
-220981451 -56826500 74771324 0 695189
677370467 -556464542 -1009972797 -695189 0
5
0 -1050735777 471538292 137111110 -18345423
1050735777 0 927343572 227049702 -876746168
-471538292 -927343572 0 407836906 43251616
-137111110 -227049702 -407836906 0 -228792423
18345423 876746168 -43251616 228792423 0
5
0 575461007 546896054 -887064676 -113359590
-575461007 0 289266788 462034251 509109595
-546896054 -289266788 0 576876471 -192782505
887064676 -462034251 -576876471 0 754908311
113359590 -509109595 192782505 -754908311 0
5
0 -765650573 926473736 -933515862 601231614
765650573 0 -137986142 824293758 -317416097
-926473736 137986142 0 -528561865 687304930
933515862 -824293758 528561865 0 161927362
-601231614 317416097 -687304930 -161927362 0
5
0 -295689146 -737948681 1026754949 -1055585081
295689146 0 -1054491010 1005403440 34651011
737948681 1054491010 0 -482906424 -152758983
-1026754949 -1005403440 482906424 0 618662448
1055585081 -34651011 152758983 -618662448 0
5
0 890059338 -387785691 939986670 1016953267
-890059338 0 -123117320 -114706387 -431058667
387785691 123117320 0 502119793 429270189
-939986670 114706387 -502119793 0 784052525
-1016953267 431058667 -429270189 -784052525 0
5
0 567948425 329094860 145239362 -965195944
-567948425 0 15552622 263863532 994286559
-329094860 -15552622 0 -641846698 773158564
-145239362 -263863532 641846698 0 454567076
965195944 -994286559 -773158564 -454567076 0
5
0 -685726602 -739722174 -35007435 551000427
685726602 0 -834088896 -393976899 -1015299021
739722174 834088896 0 -37857892 -845844543
35007435 393976899 37857892 0 -442222154
-551000427 1015299021 845844543 442222154 0
5
0 -487236033 521823919 -1041642196 743582701
487236033 0 114595652 -1057468507 658198699
-521823919 -114595652 0 -510601304 980566790
1041642196 1057468507 510601304 0 236697600
-743582701 -658198699 -980566790 -236697600 0
5
0 -427131246 868719419 1058208371 19687895
427131246 0 -429314343 -109263624 313695372
-868719419 429314343 0 33329123 140660522
-1058208371 109263624 -33329123 0 -1002342261
-19687895 -313695372 -140660522 1002342261 0
5
0 520666383 426653548 -852572858 169002875
-520666383 0 -37858649 -825315121 -112978588
-426653548 37858649 0 -651149316 -78436225
852572858 825315121 651149316 0 532129934
-169002875 112978588 78436225 -532129934 0
5
0 150613122 -34556076 -725743286 717589727
-150613122 0 120436288 876512282 -650443178
34556076 -120436288 0 -440016327 -175823270
725743286 -876512282 440016327 0 261325088
-717589727 650443178 175823270 -261325088 0
5
0 -37687991 652323479 -138839283 776429454
37687991 0 379320493 -720912525 -920289952
-652323479 -379320493 0 -989302148 -507326953
138839283 720912525 989302148 0 797290199
-776429454 920289952 507326953 -797290199 0
5
0 652037073 -469676211 838092030 1057017280
-652037073 0 848178254 636205308 -492006978
469676211 -848178254 0 -524928869 835797130
-838092030 -636205308 524928869 0 219303441
-1057017280 492006978 -835797130 -219303441 0
5
0 -977342511 302605160 574570913 -789899595
977342511 0 766942049 -444764640 -430466256
-302605160 -766942049 0 371993129 -924851705
-574570913 444764640 -371993129 0 -216324109
789899595 430466256 924851705 216324109 0
5
0 -364367195 627321063 -1026071463 624752890
364367195 0 -815415062 -730262556 -947125516
-627321063 815415062 0 -267202931 611448012
1026071463 730262556 267202931 0 500101532
-624752890 947125516 -611448012 -500101532 0
5
0 -479098074 -825128794 -821791819 87696317
479098074 0 981530843 1064757581 -386848200
825128794 -981530843 0 1050255644 -832556269
821791819 -1064757581 -1050255644 0 1063580323
-87696317 386848200 832556269 -1063580323 0
5
0 -389500750 330639187 245685370 910896369
389500750 0 -388401806 -651676029 -889432583
-330639187 388401806 0 -469512055 877461964
-245685370 651676029 469512055 0 538818183
-910896369 889432583 -877461964 -538818183 0
5
0 201527258 894170461 -1036886660 -774004096
-201527258 0 927928553 -797020732 941184423
-894170461 -927928553 0 924226940 -396412142
1036886660 797020732 -924226940 0 288878077
774004096 -941184423 396412142 -288878077 0
5
0 -366954132 468494875 529123134 1038139972
366954132 0 -454644061 106712681 339679394
-468494875 454644061 0 659466883 -521340716
-529123134 -106712681 -659466883 0 -686762537
-1038139972 -339679394 521340716 686762537 0
5
0 319379378 -601007174 673000932 327763448
-319379378 0 -136979179 219464888 351235851
601007174 136979179 0 931365392 200119331
-673000932 -219464888 -931365392 0 -374887260
-327763448 -351235851 -200119331 374887260 0
5
0 1068434150 687640991 -696873966 -750925697
-1068434150 0 -151944107 -682925642 -970951930
-687640991 151944107 0 -422871124 -338033917
696873966 682925642 422871124 0 -484862375
750925697 970951930 338033917 484862375 0
5
0 -534161809 603578617 392466600 -64030238
534161809 0 -512833040 -587731929 -1046924253
-603578617 512833040 0 888699 -32769418
-392466600 587731929 -888699 0 602059081
64030238 1046924253 32769418 -602059081 0
5
0 384046387 166448939 524681612 376507633
-384046387 0 574110743 271609236 -173032571
-166448939 -574110743 0 -384516062 739662267
-524681612 -271609236 384516062 0 968532977
-376507633 173032571 -739662267 -968532977 0
5
0 1021243232 648384735 94443514 -647184803
-1021243232 0 -978633984 -798398804 944140445
-648384735 978633984 0 885404832 774133354
-94443514 798398804 -885404832 0 -162718127
647184803 -944140445 -774133354 162718127 0
5
0 -1033546920 -202363408 -770030489 -789590002
1033546920 0 -963790536 -533040341 268516520
202363408 963790536 0 -933788310 -1026184444
770030489 533040341 933788310 0 -646909851
789590002 -268516520 1026184444 646909851 0
5
0 729781813 879698112 -595385456 -523465346
-729781813 0 414438294 -741437187 713259270
-879698112 -414438294 0 568345776 337834303
595385456 741437187 -568345776 0 597472030
523465346 -713259270 -337834303 -597472030 0
5
0 599713016 936857881 -1006279437 -93119977
-599713016 0 406751285 934272368 -236271508
-936857881 -406751285 0 730979957 226083667
1006279437 -934272368 -730979957 0 -731170206
93119977 236271508 -226083667 731170206 0
5
0 957248544 -920847343 335167335 371819445
-957248544 0 612201382 -703910461 733383178
920847343 -612201382 0 -86021978 793169627
-335167335 703910461 86021978 0 944888806
-371819445 -733383178 -793169627 -944888806 0
5
0 -1027118801 789964942 38286456 -374922389
1027118801 0 716249983 452347339 826494514
-789964942 -716249983 0 -883200358 -62464760
-38286456 -452347339 883200358 0 165543137
374922389 -826494514 62464760 -165543137 0
5
0 -1060844674 680234563 68422739 386584198
1060844674 0 190006279 -583654069 191482478
-680234563 -190006279 0 -150141155 836113051
-68422739 583654069 150141155 0 633987626
-386584198 -191482478 -836113051 -633987626 0
5
0 751971342 -1050330239 -1055897791 470132726
-751971342 0 204349131 -1012886089 -394098248
1050330239 -204349131 0 1051928286 820471822
1055897791 1012886089 -1051928286 0 -21684560
-470132726 394098248 -820471822 21684560 0
5
0 -931748575 79194790 818032023 -917107162
931748575 0 440782337 1057872309 -83357943
-79194790 -440782337 0 988034031 -521002213
-818032023 -1057872309 -988034031 0 -1014654541
917107162 83357943 521002213 1014654541 0
5
0 -825997089 -757277942 505510438 -782073843
825997089 0 -287575905 -162830541 -1025591055
757277942 287575905 0 -679698311 544953856
-505510438 162830541 679698311 0 607679115
782073843 1025591055 -544953856 -607679115 0
5
0 -224497220 225492657 723398775 -254894448
224497220 0 -746613653 74941304 -224241186
-225492657 746613653 0 -677735576 -25999789
-723398775 -74941304 677735576 0 357543846
254894448 224241186 25999789 -357543846 0
5
0 514438383 -80136955 -2653930 -505682241
-514438383 0 -249556211 -59144285 805160925
80136955 249556211 0 -260338622 1025871434
2653930 59144285 260338622 0 327140026
505682241 -805160925 -1025871434 -327140026 0
5
0 893968126 612297678 996899198 76807138
-893968126 0 -950856385 165581507 944859622
-612297678 950856385 0 -301452360 -403284646
-996899198 -165581507 301452360 0 239680206
-76807138 -944859622 403284646 -239680206 0
5
0 580900975 -191814911 575537921 -962667906
-580900975 0 417512696 561563917 1043217671
191814911 -417512696 0 -282655134 -254935844
-575537921 -561563917 282655134 0 -699602224
962667906 -1043217671 254935844 699602224 0
5
0 -882179246 189657837 -247311035 312069340
882179246 0 -459216192 -955210422 622847218
-189657837 459216192 0 -1066436122 313941987
247311035 955210422 1066436122 0 918931052
-312069340 -622847218 -313941987 -918931052 0
5
0 -682105329 224088377 739672003 879429074
682105329 0 -300744191 217590589 27950450
-224088377 300744191 0 932982918 67887123
-739672003 -217590589 -932982918 0 -588521426
-879429074 -27950450 -67887123 588521426 0
5
0 -342409785 -725330756 -666498424 -246880848
342409785 0 -181848627 -1042084082 812771789
725330756 181848627 0 871109111 865889371
666498424 1042084082 -871109111 0 848100150
246880848 -812771789 -865889371 -848100150 0
5
0 614840120 -383641999 968853938 264166294
-614840120 0 -303724990 -198353456 -320164947
383641999 303724990 0 -909327361 761351617
-968853938 198353456 909327361 0 -314069631
-264166294 320164947 -761351617 314069631 0
5
0 240588270 966754908 895513393 -591287007
-240588270 0 -333345559 -533021830 -1036040539
-966754908 333345559 0 1068391641 108219459
-895513393 533021830 -1068391641 0 858915736
591287007 1036040539 -108219459 -858915736 0
5
0 568624462 -534984596 -876147657 127823892
-568624462 0 783199720 -464941849 588273407
534984596 -783199720 0 -136684382 542056554
876147657 464941849 136684382 0 527171271
-127823892 -588273407 -542056554 -527171271 0
5
0 -263880031 -360825952 -321775212 -1051279038
263880031 0 -185230428 -454013725 -822215352
360825952 185230428 0 -635685611 57488316
321775212 454013725 635685611 0 -816294584
1051279038 822215352 -57488316 816294584 0
5
0 35337096 -782714414 463175951 -381067838
-35337096 0 -813733555 -166566388 -363018422
782714414 813733555 0 -962222718 -685598114
-463175951 166566388 962222718 0 347481430
381067838 363018422 685598114 -347481430 0
5
0 -783274431 -132706212 173031178 -905285955
783274431 0 537374259 689295251 -1032795974
132706212 -537374259 0 -133868995 375455799
-173031178 -689295251 133868995 0 132398187
905285955 1032795974 -375455799 -132398187 0
5
0 -826186231 -384103596 -350112185 -415929851
826186231 0 -35274458 -478596675 1064480241
384103596 35274458 0 369481355 709727915
350112185 478596675 -369481355 0 -715932269
415929851 -1064480241 -709727915 715932269 0
5
0 -644884432 389140357 -18457949 -504202713
644884432 0 -86316406 328137772 577651222
-389140357 86316406 0 159485039 204983641
18457949 -328137772 -159485039 0 319240467
504202713 -577651222 -204983641 -319240467 0
5
0 995434314 741236464 -346440190 -647964121
-995434314 0 -677584777 1002740447 850604159
-741236464 677584777 0 835662224 -675966906
346440190 -1002740447 -835662224 0 569719249
647964121 -850604159 675966906 -569719249 0
5
0 271629983 132093155 -832821771 304120034
-271629983 0 -978287826 -727464704 329001666
-132093155 978287826 0 694845431 -23001577
832821771 727464704 -694845431 0 801049434
-304120034 -329001666 23001577 -801049434 0
5
0 812047840 -868444381 482121495 -1041910472
-812047840 0 195324953 251235416 -796999512
868444381 -195324953 0 -354121665 -598261148
-482121495 -251235416 354121665 0 137877863
1041910472 796999512 598261148 -137877863 0
5
0 1020349850 304967507 1029315600 -290295896
-1020349850 0 -989618099 316047641 -308280515
-304967507 989618099 0 372038273 974274249
-1029315600 -316047641 -372038273 0 -117237803
290295896 308280515 -974274249 117237803 0
5
0 662834252 42115008 209480059 1026993958
-662834252 0 974828712 1036997322 917346329
-42115008 -974828712 0 -205675793 -648195665
-209480059 -1036997322 205675793 0 313976511
-1026993958 -917346329 648195665 -313976511 0
5
0 569099868 1018073129 899522522 253726419
-569099868 0 914609519 389507001 -89097547
-1018073129 -914609519 0 814535498 583474145
-899522522 -389507001 -814535498 0 444208435
-253726419 89097547 -583474145 -444208435 0
5
0 -915954927 -79206623 -960978665 930173319
915954927 0 -890566052 176733679 686821536
79206623 890566052 0 345062710 -1017430745
960978665 -176733679 -345062710 0 561787145
-930173319 -686821536 1017430745 -561787145 0
5
0 67035852 30446772 999164335 -729938699
-67035852 0 443855569 49345889 516047550
-30446772 -443855569 0 -31597297 -327335630
-999164335 -49345889 31597297 0 -131736699
729938699 -516047550 327335630 131736699 0
5
0 -502165431 -767453739 755619530 -553352065
502165431 0 421941404 331552702 -625661610
767453739 -421941404 0 -839184526 891986896
-755619530 -331552702 839184526 0 -821772904
553352065 625661610 -891986896 821772904 0
5
0 297643651 1062291475 -264319004 507639926
-297643651 0 -275919733 -132668828 -460129287
-1062291475 275919733 0 -278135290 -377474009
264319004 132668828 278135290 0 -1015534149
-507639926 460129287 377474009 1015534149 0
5
0 336374319 358282329 -842678506 888146003
-336374319 0 550645230 551756754 -198327766
-358282329 -550645230 0 -112049422 152972251
842678506 -551756754 112049422 0 -237180852
-888146003 198327766 -152972251 237180852 0
5
0 -481960895 230090840 -816615982 651188132
481960895 0 484171054 185197058 974712235
-230090840 -484171054 0 889474499 -235739825
816615982 -185197058 -889474499 0 -432196701
-651188132 -974712235 235739825 432196701 0
5
0 -434416734 628113363 -581271927 542807489
434416734 0 569005604 -631546984 -869759307
-628113363 -569005604 0 -749335787 866997482
581271927 631546984 749335787 0 582550890
-542807489 869759307 -866997482 -582550890 0
5
0 656652016 -1055926134 -1070728660 -241890693
-656652016 0 610528312 661021655 526803023
1055926134 -610528312 0 -627019902 197590862
1070728660 -661021655 627019902 0 -91225836
241890693 -526803023 -197590862 91225836 0
5
0 747162014 -481384597 -477009119 -630608541
-747162014 0 -839295703 104590539 607801807
481384597 839295703 0 852364018 977085670
477009119 -104590539 -852364018 0 278298792
630608541 -607801807 -977085670 -278298792 0
5
0 940625071 -554154619 -1063474783 -451096886
-940625071 0 -812865522 746702387 924462822
554154619 812865522 0 936979127 671950696
1063474783 -746702387 -936979127 0 426148009
451096886 -924462822 -671950696 -426148009 0
5
0 -1001412448 -105612794 1028841377 -871856066
1001412448 0 219851600 4970999 255785824
105612794 -219851600 0 1010273787 -314609921
-1028841377 -4970999 -1010273787 0 19357899
871856066 -255785824 314609921 -19357899 0
5
0 -534485104 -695294010 270144642 362161301
534485104 0 -533302691 339803752 672005263
695294010 533302691 0 -320109110 564733266
-270144642 -339803752 320109110 0 -228914654
-362161301 -672005263 -564733266 228914654 0
5
0 -200866000 1065684432 -401619041 -703988265
200866000 0 782701063 -607541053 -349933622
-1065684432 -782701063 0 432857078 -751843268
401619041 607541053 -432857078 0 -239529255
703988265 349933622 751843268 239529255 0
5
0 747031143 -329084024 994135116 917034047
-747031143 0 -841771606 93593746 -926524429
329084024 841771606 0 74972444 -221599562
-994135116 -93593746 -74972444 0 163346080
-917034047 926524429 221599562 -163346080 0
5
0 -61056596 520373482 -947876195 348658247
61056596 0 641789729 -825461853 -82497241
-520373482 -641789729 0 544755873 865928708
947876195 825461853 -544755873 0 -191732103
-348658247 82497241 -865928708 191732103 0
5
0 958626830 -755957364 152775293 330757712
-958626830 0 206353387 772924511 132456131
755957364 -206353387 0 605772641 972546310
-152775293 -772924511 -605772641 0 -834567828
-330757712 -132456131 -972546310 834567828 0
5
0 -114301960 651106521 4927681 -856102185
114301960 0 -1065459308 -317979825 220729262
-651106521 1065459308 0 -389562889 -82943323
-4927681 317979825 389562889 0 -832148465
856102185 -220729262 82943323 832148465 0
5
0 152885870 293373750 846494680 -766924728
-152885870 0 -435733336 -917880080 -167963020
-293373750 435733336 0 -572080063 -658702038
-846494680 917880080 572080063 0 688846573
766924728 167963020 658702038 -688846573 0
5
0 669626386 311823121 115669636 235883967
-669626386 0 -767080732 -678836589 364747036
-311823121 767080732 0 392684558 363116782
-115669636 678836589 -392684558 0 15391362
-235883967 -364747036 -363116782 -15391362 0
5
0 155778477 -850222723 -995572238 -258031037
-155778477 0 739777749 -502648803 183504350
850222723 -739777749 0 621997499 14552379
995572238 502648803 -621997499 0 -757620787
258031037 -183504350 -14552379 757620787 0
5
0 558394205 -70517631 -456372300 476270605
-558394205 0 -827787721 -455397382 -212735617
70517631 827787721 0 -760034895 477551436
456372300 455397382 760034895 0 845271045
-476270605 212735617 -477551436 -845271045 0
5
0 -919054169 600629115 336562834 428104941
919054169 0 -711878151 747139672 548998664
-600629115 711878151 0 -774170353 -670200990
-336562834 -747139672 774170353 0 297955326
-428104941 -548998664 670200990 -297955326 0
5
0 -912314519 -109784150 -26400711 982631251
912314519 0 -767579957 -833245230 -904934629
109784150 767579957 0 731093996 752533691
26400711 833245230 -731093996 0 -655842461
-982631251 904934629 -752533691 655842461 0
5
0 331446938 1072090737 -734470938 -1050791045
-331446938 0 -189127218 559464914 -211047341
-1072090737 189127218 0 -932239420 560702173
734470938 -559464914 932239420 0 -869412818
1050791045 211047341 -560702173 869412818 0
5
0 -19111361 -982227796 -418726687 405016014
19111361 0 164603899 -815543795 199667471
982227796 -164603899 0 671563538 -469317520
418726687 815543795 -671563538 0 352039286
-405016014 -199667471 469317520 -352039286 0
5
0 -786836401 -1040322873 -210228544 -35370114
786836401 0 -561443223 -672110171 -174660096
1040322873 561443223 0 204067668 55920205
210228544 672110171 -204067668 0 -639505245
35370114 174660096 -55920205 639505245 0
5
0 3784006 39474650 957492098 -666490307
-3784006 0 89163271 -274660917 -636873944
-39474650 -89163271 0 -568262065 561213225
-957492098 274660917 568262065 0 511340951
666490307 636873944 -561213225 -511340951 0
5
0 1050848511 -497186504 696328928 560600278
-1050848511 0 -786758949 -25608179 -1022449270
497186504 786758949 0 -995380584 1006505114
-696328928 25608179 995380584 0 -294334957
-560600278 1022449270 -1006505114 294334957 0
5
0 -959395867 554486661 442676046 489589950
959395867 0 1070153235 427423824 -787929068
-554486661 -1070153235 0 154428860 883475210
-442676046 -427423824 -154428860 0 -944166393
-489589950 787929068 -883475210 944166393 0
5
0 -89420420 -961863592 659550081 345841710
89420420 0 698319792 955581157 512715698
961863592 -698319792 0 951209202 -877015422
-659550081 -955581157 -951209202 0 725459074
-345841710 -512715698 877015422 -725459074 0
5
0 -234683945 880307299 873637726 -804863999
234683945 0 -856745697 -828514131 383800673
-880307299 856745697 0 -317614826 -939741205
-873637726 828514131 317614826 0 224665156
804863999 -383800673 939741205 -224665156 0
5
0 -935461168 771688922 -110883487 -48211472
935461168 0 -1020455610 -3009134 517439158
-771688922 1020455610 0 718779224 123244089
110883487 3009134 -718779224 0 901607331
48211472 -517439158 -123244089 -901607331 0
5
0 881806397 332442581 -496326391 -916641054
-881806397 0 -262434669 -865017017 388752178
-332442581 262434669 0 -797836595 -507559349
496326391 865017017 797836595 0 -6351813
916641054 -388752178 507559349 6351813 0
5
0 -719452737 808735969 673635193 -322917834
719452737 0 -7111497 -493019202 585707798
-808735969 7111497 0 37932738 863077817
-673635193 493019202 -37932738 0 177827149
322917834 -585707798 -863077817 -177827149 0
5
0 -711063152 -271055536 -75045441 124519179
711063152 0 319208336 806375012 695897564
271055536 -319208336 0 -83554474 -924414850
75045441 -806375012 83554474 0 -951338996
-124519179 -695897564 924414850 951338996 0
5
0 324624524 480001478 -230380846 -342197132
-324624524 0 153798909 509308678 -978677816
-480001478 -153798909 0 -770061901 813413113
230380846 -509308678 770061901 0 -817033522
342197132 978677816 -813413113 817033522 0
5
0 1045701680 1014047592 196362472 23504145
-1045701680 0 262212117 33868534 813759669
-1014047592 -262212117 0 416119794 886501936
-196362472 -33868534 -416119794 0 543193533
-23504145 -813759669 -886501936 -543193533 0
5
0 334332561 375619427 707519482 1691748
-334332561 0 -626508029 946446356 1051063819
-375619427 626508029 0 -456951850 649484234
-707519482 -946446356 456951850 0 721604429
-1691748 -1051063819 -649484234 -721604429 0
5
0 447125489 929845859 -189374818 -901940248
-447125489 0 67319252 85300742 467935822
-929845859 -67319252 0 -851795656 -977429437
189374818 -85300742 851795656 0 579788629
901940248 -467935822 977429437 -579788629 0
5
0 -53564367 26336678 -157368554 775505165
53564367 0 -1029505021 -784653687 454484479
-26336678 1029505021 0 -474822099 -258740843
157368554 784653687 474822099 0 472188176
-775505165 -454484479 258740843 -472188176 0
5
0 535037365 -596642331 -383065199 678140887
-535037365 0 -513219168 -942959722 36935522
596642331 513219168 0 698217650 -222634906
383065199 942959722 -698217650 0 -818086989
-678140887 -36935522 222634906 818086989 0
5
0 -1010973273 849562116 698186434 -583675065
1010973273 0 799763611 -117910888 276744909
-849562116 -799763611 0 301599489 -783028933
-698186434 117910888 -301599489 0 -863770844
583675065 -276744909 783028933 863770844 0
5
0 -623323198 -721526877 1072994581 146400879
623323198 0 883720937 -437643517 755119885
721526877 -883720937 0 -459036622 -874517103
-1072994581 437643517 459036622 0 675245762
-146400879 -755119885 874517103 -675245762 0
5
0 -35202077 -1071021610 936233590 -734506122
35202077 0 -985216924 -69425301 -104214047
1071021610 985216924 0 -200344291 -679007992
-936233590 69425301 200344291 0 346197069
734506122 104214047 679007992 -346197069 0
5
0 -186454944 -623066338 238104533 366003499
186454944 0 -230952136 -756798792 43942242
623066338 230952136 0 -458723949 -439605368
-238104533 756798792 458723949 0 867418610
-366003499 -43942242 439605368 -867418610 0
5
0 -756897554 61266659 -999342525 239737370
756897554 0 891448070 -536803682 -344260875
-61266659 -891448070 0 -695206688 990306461
999342525 536803682 695206688 0 231082401
-239737370 344260875 -990306461 -231082401 0
5
0 709164314 167026710 -973957191 85863755
-709164314 0 61965376 -495158825 -233105893
-167026710 -61965376 0 104179855 -284033965
973957191 495158825 -104179855 0 -238266733
-85863755 233105893 284033965 238266733 0
5
0 -1033558265 246016999 96932765 -100202482
1033558265 0 -322062929 -246512380 -916651902
-246016999 322062929 0 -921557660 188648537
-96932765 246512380 921557660 0 -496209659
100202482 916651902 -188648537 496209659 0
5
0 -382805646 -255656003 -215506563 186438196
382805646 0 44254112 895687535 -475974932
255656003 -44254112 0 695027452 272090916
215506563 -895687535 -695027452 0 502915447
-186438196 475974932 -272090916 -502915447 0
5
0 -140900545 582701299 -611812132 507140697
140900545 0 517263224 601559440 -730937602
-582701299 -517263224 0 92084962 269393125
611812132 -601559440 -92084962 0 -1008533253
-507140697 730937602 -269393125 1008533253 0
5
0 -198350826 -604437302 -276816829 18839674
198350826 0 -107166018 727720183 316593027
604437302 107166018 0 765855573 -668402656
276816829 -727720183 -765855573 0 -290152313
-18839674 -316593027 668402656 290152313 0
5
0 -1022959945 925496681 848854310 -525808877
1022959945 0 664619242 692459199 -452488340
-925496681 -664619242 0 -542461921 -1063212729
-848854310 -692459199 542461921 0 -74380787
525808877 452488340 1063212729 74380787 0
5
0 429602411 1019003602 -334236819 -1002584037
-429602411 0 -810002096 -268877023 292339545
-1019003602 810002096 0 895654226 646465158
334236819 268877023 -895654226 0 -330653457
1002584037 -292339545 -646465158 330653457 0
5
0 749159116 828613321 1045517270 609245707
-749159116 0 322047516 236730221 -259869832
-828613321 -322047516 0 342409814 79029386
-1045517270 -236730221 -342409814 0 59319373
-609245707 259869832 -79029386 -59319373 0
5
0 -781909274 740141520 -912569121 -92925871
781909274 0 -580415363 -145602745 -879496589
-740141520 580415363 0 -288044475 234034681
