15
0.504535398430 0.191864762680 0.207822087913 -0.022753869457 -0.173488398076 0.263060713390 0.042865882556 0.020202000527 -0.206528201637 0.257905848247 -0.126930910833 0.083191908293 0.235902845020 0.124364932620 -0.205700275744
0.191864762680 0.463384590669 0.274955774415 -0.304292956262 0.228443805131 0.158622109487 0.185088153852 0.217853878662 0.093529972487 -0.039444539380 -0.037251697936 0.087302031553 -0.055568260047 -0.089330522230 -0.097851555957
0.207822087913 0.274955774415 0.527805727204 0.144096645792 0.017129427621 -0.138424448459 -0.028338225080 0.133437525437 0.281489491580 -0.222265599668 -0.134215404076 0.069134533220 0.193754499162 -0.072369750362 -0.376643116790
-0.022753869457 -0.304292956262 0.144096645792 0.593167473990 0.089569655142 0.042967160504 -0.187647121807 0.130732564610 0.118314150296 -0.065591287925 0.077089932674 -0.210551982092 -0.189685569543 -0.018478893888 -0.042301502645
-0.173488398076 0.228443805131 0.017129427621 0.089569655142 0.336367205221 -0.047922719646 0.015997631553 -0.249188545245 -0.006318777257 -0.182220849951 -0.191358681609 0.038445718149 -0.336300357885 0.048467888278 0.306966900772
0.263060713390 0.158622109487 -0.138424448459 0.042967160504 -0.047922719646 0.400231701972 -0.024969273856 -0.049098044148 -0.136760490466 -0.107954787157 0.204933435930 -0.182581202182 0.141004094492 -0.070601326060 0.025743008278
0.042865882556 0.185088153852 -0.028338225080 -0.187647121807 0.015997631553 -0.024969273856 0.622710493033 -0.116660000040 -0.270740421465 0.133155247387 0.131711168539 0.022217185496 0.003817084024 -0.042837448536 -0.057420935389
0.020202000527 0.217853878662 0.133437525437 0.130732564610 -0.249188545245 -0.049098044148 -0.116660000040 0.588640503028 0.118172433896 -0.279759879826 -0.143679859613 -0.159066290251 -0.025356591203 0.024069113448 -0.206686436480
-0.206528201637 0.093529972487 0.281489491580 0.118314150296 -0.006318777257 -0.136760490466 -0.270740421465 0.118172433896 0.312433670766 0.075931948922 -0.209627143538 -0.217919186855 0.155995990759 -0.134615207594 -0.114647241689
0.257905848247 -0.039444539380 -0.222265599668 -0.065591287925 -0.182220849951 -0.107954787157 0.133155247387 -0.279759879826 0.075931948922 0.414951564065 -0.103541247857 -0.089405141153 0.245740431167 -0.029056578848 -0.001305056236
-0.126930910833 -0.037251697936 -0.134215404076 0.077089932674 -0.191358681609 0.204933435930 0.131711168539 -0.143679859613 -0.209627143538 -0.103541247857 0.415163696198 0.041162689326 0.209341384811 0.020133901518 -0.127099436908
0.083191908293 0.087302031553 0.069134533220 -0.210551982092 0.038445718149 -0.182581202182 0.022217185496 -0.159066290251 -0.217919186855 -0.089405141153 0.041162689326 0.703084793932 -0.250254782400 -0.250739270049 -0.181594087809
0.235902845020 -0.055568260047 0.193754499162 -0.189685569543 -0.336300357885 0.141004094492 0.003817084024 -0.025356591203 0.155995990759 0.245740431167 0.209341384811 -0.250254782400 0.467450280339 0.273311516088 -0.047957295756
0.124364932620 -0.089330522230 -0.072369750362 -0.018478893888 0.048467888278 -0.070601326060 -0.042837448536 0.024069113448 -0.134615207594 -0.029056578848 0.020133901518 -0.250739270049 0.273311516088 0.454925035500 0.035053574289
-0.205700275744 -0.097851555957 -0.376643116790 -0.042301502645 0.306966900772 0.025743008278 -0.057420935389 -0.206686436480 -0.114647241689 -0.001305056236 -0.127099436908 -0.181594087809 -0.047957295756 0.035053574289 0.455695146601
