3, 47], [2, 3, 5, 11, 13, 29, 41], [2, 3, 5, 11, 17, 19, 47], [2, 3, 5, 11, 17, 23, 43], [2, 3, 5, 11, 17, 29, 37], [2, 3, 5, 11, 19, 23, 41], [2, 3, 5, 11, 23, 29, 31], [2, 3, 5, 11, 83], [2, 3, 5, 13, 17, 23, 41], [2, 3, 5, 23, 71], [2, 3, 5, 41, 53], [2, 3, 7, 11, 13, 31, 37], [2, 3, 7, 11, 17, 23, 41], [2, 3, 7, 13, 17, 19, 43], [2, 3, 7, 13, 19, 23, 37], [2, 3, 7, 13, 19, 29, 31], [2, 3, 7, 13, 79], [2, 3, 7, 19, 73], [2, 3, 7, 31, 61], [2, 3, 11, 17, 19, 23, 29], [2, 3, 11, 17, 71], [2, 3, 11, 29, 59], [2, 3, 11, 41, 47], [2, 3, 13, 19, 67], [2, 3, 17, 23, 59], [2, 3, 17, 29, 53], [2, 3, 19, 37, 43], [2, 3, 23, 29, 47], [2, 5, 7, 11, 13, 19, 47], [2, 5, 7, 11, 13, 23, 43], [2, 5, 7, 11, 13, 29, 37], [2, 5, 7, 11, 17, 19, 43], [2, 5, 7, 11, 19, 23, 37], [2, 5, 7, 11, 19, 29, 31], [2, 5, 7, 11, 79], [2, 5, 7, 13, 17, 19, 41], [2, 5, 7, 13, 17, 23, 37], [2, 5, 7, 13, 17, 29, 31], [2, 5, 7, 17, 19, 23, 31], [2, 5, 7, 17, 73], [2, 5, 7, 19, 71], [2, 5, 7, 23, 67], [2, 5, 7, 29, 61], [2, 5, 7, 31, 59], [2, 5, 7, 37, 53], [2, 5, 7, 43, 47], [2, 5, 11, 13, 17, 19, 37], [2, 5, 11, 13, 19, 23, 31], [2, 5, 11, 13, 73], [2, 5, 11, 19, 67], [2, 5, 13, 17, 67], [2, 5, 13, 23, 61], [2, 5, 13, 31, 53], [2, 5, 13, 37, 47], [2, 5, 13, 41, 43], [2, 5, 17, 19, 61], [2, 5, 17, 37, 43], [2, 5, 19, 31, 47], [2, 5, 19, 37, 41], [2, 5, 23, 31, 43], [2, 5, 29, 31, 37], [2, 5, 97], [2, 7, 11, 13, 17, 23, 31], [2, 7, 11, 13, 19, 23, 29], [2, 7, 11, 13, 71], [2, 7, 11, 17, 67], [2, 7, 11, 23, 61], [2, 7, 11, 31, 53], [2, 7, 11, 37, 47], [2, 7, 11, 41, 43], [2, 7, 13, 23, 59], [2, 7, 13, 29, 53], [2, 7, 17, 19, 59], [2, 7, 17, 31, 47], [2, 7, 17, 37, 41], [2, 7, 19, 23, 53], [2, 7, 19, 29, 47], [2, 7, 23, 29, 43], [2, 7, 23, 31, 41], [2, 11, 13, 17, 61], [2, 11, 13, 19, 59], [2, 11, 13, 31, 47], [2, 11, 13, 37, 41], [2, 11, 17, 31, 43], [2, 11, 19, 29, 43], [2, 11, 19, 31, 41], [2, 11, 23, 31, 37], [2, 13, 17, 19, 53], [2, 13, 17, 29, 43], [2, 13, 17, 31, 41], [2, 13, 19, 23, 47], [2, 13, 19, 29, 41], [2, 13, 23, 29, 37], [2, 13, 89], [2, 17, 19, 23, 43], [2, 17, 19, 29, 37], [2, 19, 23, 29, 31], [2, 19, 83], [2, 23, 79], [2, 29, 73], [2, 31, 71], [2, 41, 61], [2, 43, 59], [3, 5, 7, 11, 13, 17, 19, 29], [3, 5, 7, 11, 17, 61], [3, 5, 7, 11, 19, 59], [3, 5, 7, 11, 31, 47], [3, 5, 7, 11, 37, 41], [3, 5, 7, 13, 17, 59], [3, 5, 7, 13, 23, 53], [3, 5, 7, 13, 29, 47], [3, 5, 7, 17, 19, 53], [3, 5, 7, 17, 29, 43], [3, 5, 7, 17, 31, 41], [3, 5, 7, 19, 23, 47], [3, 5, 7, 19, 29, 41], [3, 5, 7, 23, 29, 37], [3, 5, 7, 89], [3, 5, 11, 13, 19, 53], [3, 5, 11, 13, 29, 43], [3, 5, 11, 13, 31, 41], [3, 5, 11, 17, 31, 37], [3, 5, 11, 19, 23, 43], [3, 5, 11, 19, 29, 37], [3, 5, 13, 17, 19, 47], [3, 5, 13, 17, 23, 43], [3, 5, 13, 17, 29, 37], [3, 5, 13, 19, 23, 41], [3, 5, 13, 23, 29, 31], [3, 5, 13, 83], [3, 5, 17, 19, 23, 37], [3, 5, 17, 19, 29, 31], [3, 5, 17, 79], [3, 5, 23, 73], [3, 5, 29, 67], [3, 5, 37, 59], [3, 5, 43, 53], [3, 7, 11, 13, 17, 53], [3, 7, 11, 13, 23, 47], [3, 7, 11, 13, 29, 41], [3, 7, 11, 17, 19, 47], [3, 7, 11, 17, 23, 43], [3, 7, 11, 17, 29, 37], [3, 7, 11, 19, 23, 41], [3, 7, 11, 23, 29, 31], [3, 7, 11, 83], [3, 7, 13, 17, 23, 41], [3, 7, 23, 71], [3, 7, 41, 53], [3, 11, 13, 17, 19, 41], [3, 11, 13, 17, 23, 37], [3, 11, 13, 17, 29, 31], [3, 11, 17, 19, 23, 31], [3, 11, 17, 73], [3, 11, 19, 71], [3, 11, 23, 67], [3, 11, 29, 61], [3, 11, 31, 59], [3, 11, 37, 53], [3, 11, 43, 47], [3, 13, 17, 19, 23, 29], [3, 13, 17, 71], [3, 13, 29, 59], [3, 13, 41, 47], [3, 17, 23, 61], [3, 17, 31, 53], [3, 17, 37, 47], [3, 17, 41, 43], [3, 19, 23, 59], [3, 19, 29, 53], [3, 23, 31, 47], [3, 23, 37, 41], [3, 29, 31, 41], [3, 101], [5, 7, 11, 13, 31, 37], [5, 7, 11, 17, 23, 41], [5, 7, 13, 17, 19, 43], [5, 7, 13, 19, 23, 37], [5, 7, 13, 19, 29, 31], [5, 7, 13, 79], [5, 7, 19, 73], [5, 7, 31, 61], [5, 11, 17, 19, 23, 29], [5, 11, 17, 71], [5, 11, 29, 59], [5, 11, 41, 47], [5, 13, 19, 67], [5, 17, 23, 59], [5, 17, 29, 53], [5, 19, 37, 43], [5, 23, 29, 47], [7, 11, 13, 17, 19, 37], [7, 11, 13, 19, 23, 31], [7, 11, 13, 73], [7, 11, 19, 67], [7, 13, 17, 67], [7, 13, 23, 61], [7, 13, 31, 53], [7, 13, 37, 47], [7, 13, 41, 43], [7, 17, 19, 61], [7, 17, 37, 43], [7, 19, 31, 47], [7, 19, 37, 41], [7, 23, 31, 43], [7, 29, 31, 37], [7, 97], [11, 13, 19, 61], [11, 13, 37, 43], [11, 17, 23, 53], [11, 17, 29, 47], [11, 19, 31, 43], [11, 23, 29, 41], [13, 17, 31, 43], [13, 19, 29, 43], [13, 19, 31, 41], [13, 23, 31, 37], [17, 19, 31, 37], [31, 73], [37, 67], [43, 61], [2, 3, 5, 7, 11, 13, 17, 47], [2, 3, 5, 7, 11, 13, 23, 41], [2, 3, 5, 7, 11, 17, 19, 41], [2, 3, 5, 7, 11, 17, 23, 37], [2, 3, 5, 7, 11, 17, 29, 31], [2, 3, 5, 7, 17, 19, 23, 29], [2, 3, 5, 7, 17, 71], [2, 3, 5, 7, 29, 59], [2, 3, 5, 7, 41, 47], [2, 3, 5, 11, 13, 17, 23, 31], [2, 3, 5, 11, 13, 19, 23, 29], [2, 3, 5, 11, 13, 71], [2, 3, 5, 11, 17, 67], [2, 3, 5, 11, 23, 61], [2, 3, 5, 11, 31, 53], [2, 3, 5, 11, 37, 47], [2, 3, 5, 11, 41, 43], [2, 3, 5, 13, 23, 59], [2, 3, 5, 13, 29, 53], [2, 3, 5, 17, 19, 59], [2, 3, 5, 17, 31, 47], [2, 3, 5, 17, 37, 41], [2, 3, 5, 19, 23, 53], [2, 3, 5, 19, 29, 47], [2, 3, 5, 23, 29, 43], [2, 3, 5, 23, 31, 41], [2, 3, 7, 11, 13, 17, 23, 29], [2, 3, 7, 11, 23, 59], [2, 3, 7, 11, 29, 53], [2, 3, 7, 13, 19, 61], [2, 3, 7, 13, 37, 43], [2, 3, 7, 17, 23, 53], [2, 3, 7, 17, 29, 47], [2, 3, 7, 19, 31, 43], [2, 3, 7, 23, 29, 41], [2, 3, 11, 13, 17, 59], [2, 3, 11, 13, 23, 53], [2, 3, 11, 13, 29, 47], [2, 3, 11, 17, 19, 53], [2, 3, 11, 17, 29, 43], [2, 3, 11, 17, 31, 41], [2, 3, 11, 19, 23, 47], [2, 3, 11, 19, 29, 41], [2, 3, 11, 23, 29, 37], [2, 3, 11, 89], [2, 3, 13, 17, 23, 47], [2, 3, 13, 17, 29, 41], [2, 3, 13, 19, 31, 37], [2, 3, 17, 19, 23, 41], [2, 3, 17, 23, 29, 31], [2, 3, 17, 83], [2, 3, 29, 71], [2, 3, 41, 59], [2, 3, 47, 53], [2, 5, 7, 11, 13, 17, 19, 31], [2, 5, 7, 11, 13, 67], [2, 5, 7, 11, 19, 61], [2, 5, 7, 11, 37, 43], [2, 5, 7, 13, 17, 61], [2, 5, 7, 13, 19, 59], [2, 5, 7, 13, 31, 47], [2, 5, 7, 13, 37, 41], [2, 5, 7, 17, 31, 43], [2, 5, 7, 19, 29, 43], [2, 5, 7, 19, 31, 41], [2, 5, 7, 23, 31, 37], [2, 5, 11, 13, 31, 43], [2, 5, 11, 17, 23, 47], [2, 5, 11, 17, 29, 41], [2, 5, 11, 19, 31, 37], [2, 5, 13, 17, 31, 37], [2, 5, 13, 19, 23, 43], [2, 5, 13, 19, 29, 37], [2, 5, 19, 79], [2, 5, 31, 67], [2, 5, 37, 61], [2, 7, 11, 13, 19, 53], [2, 7, 11, 13, 29, 43], [2, 7, 11, 13, 31, 41], [2, 7, 11, 17, 31, 37], [2, 7, 11, 19, 23, 43], [2, 7, 11, 19, 29, 37], [2, 7, 13, 17, 19, 47], [2, 7, 13, 17, 23, 43], [2, 7, 13, 17, 29, 37], [2, 7, 13, 19, 23, 41], [2, 7, 13, 23, 29, 31], [2, 7, 13, 83], [2, 7, 17, 19, 23, 37], [2, 7, 17, 19, 29, 31], [2, 7, 17, 79], [2, 7, 23, 73], [2, 7, 29, 67], [2, 7, 37, 59], [2, 7, 43, 53], [2, 11, 13, 17, 19, 43], [2, 11, 13, 19, 23, 37], [2, 11, 13, 19, 29, 31], [2, 11, 13, 79], [2, 11, 19, 73], [2, 11, 31, 61], [2, 13, 17, 19, 23, 31], [2, 13, 17, 73], [2, 13, 19, 71], [2, 13, 23, 67], [2, 13, 29, 61], [2, 13, 31, 59], [2, 13, 37, 53], [2, 13, 43, 47], [2, 17, 19, 67], [2, 19, 23, 61], [2, 19, 31, 53], [2, 19, 37, 47], [2, 19, 41, 43], [2, 23, 37, 43], [2, 29, 31, 43], [2, 103], [3, 5, 7, 11, 13, 19, 47], [3, 5, 7, 11, 13, 23, 43], [3, 5, 7, 11, 13, 29, 37], [3, 5, 7, 11, 17, 19, 43], [3, 5, 7, 11, 19, 23, 37], [3, 5, 7, 11, 19, 29, 31], [3, 5, 7, 11, 79], [3, 5, 7, 13, 17, 19, 41], [3, 5, 7, 13, 17, 23, 37], [3, 5, 7, 13, 17, 29, 31], [3, 5, 7, 17, 19, 23, 31], [3, 5, 7, 17, 73], [3, 5, 7, 19, 71], [3, 5, 7, 23, 67], [3, 5, 7, 29, 61], [3, 5, 7, 31, 59], [3, 5, 7, 37, 53], [3, 5, 7, 43, 47], [3, 5, 11, 13, 17, 19, 37], [3, 5, 11, 13, 19, 23, 31], [3, 5, 11, 13, 73], [3, 5, 11, 19, 67], [3, 5, 13, 17, 67], [3, 5, 13, 23, 61], [3, 5, 13, 31, 53], [3, 5, 13, 37, 47], [3, 5, 13, 41, 43], [3, 5, 17, 19, 61], [3, 5, 17, 37, 43], [3, 5, 19, 31, 47], [3, 5, 19, 37, 41], [3, 5, 23, 31, 43], [3, 5, 29, 31, 37], [3, 5, 97], [3, 7, 11, 13, 17, 23, 31], [3, 7, 11, 13, 19, 23, 29], [3, 7, 11, 13, 71], [3, 7, 11, 17, 67], [3, 7, 11, 23, 61], [3, 7, 11, 31, 53], [3, 7, 11, 37, 47], [3, 7, 11, 41, 43], [3, 7, 13, 23, 59], [3, 7, 13, 29, 53], [3, 7, 17, 19, 59], [3, 7, 17, 31, 47], [3, 7, 17, 37, 41], [3, 7, 19, 23, 53], [3, 7, 19, 29, 47], [3, 7, 23, 29, 43], [3, 7, 23, 31, 41], [3, 11, 13, 17, 61], [3, 11, 13, 19, 59], [3, 11, 13, 31, 47], [3, 11, 13, 37, 41], [3, 11, 17, 31, 43], [3, 11, 19, 29, 43], [3, 11, 19, 31, 41], [3, 11, 23, 31, 37], [3, 13, 17, 19, 53], [3, 13, 17, 29, 43], [3, 13, 17, 31, 41], [3, 13, 19, 23, 47], [3, 13, 19, 29, 41], [3, 13, 23, 29, 37], [3, 13, 89], [3, 17, 19, 23, 43], [3, 17, 19, 29, 37], [3, 19, 23, 29, 31], [3, 19, 83], [3, 23, 79], [3, 29, 73], [3, 31, 71], [3, 41, 61], [3, 43, 59], [5, 7, 11, 13, 17, 23, 29], [5, 7, 11, 23, 59], [5, 7, 11, 29, 53], [5, 7, 13, 19, 61], [5, 7, 13, 37, 43], [5, 7, 17, 23, 53], [5, 7, 17, 29, 47], [5, 7, 19, 31, 43], [5, 7, 23, 29, 41], [5, 11, 13, 17, 59], [5, 11, 13, 23, 53], [5, 11, 13, 29, 47], [5, 11, 17, 19, 53], [5, 11, 17, 29, 43], [5, 11, 17, 31, 41], [5, 11, 19, 23, 47], [5, 11, 19, 29, 41], [5, 11, 23, 29, 37], [5, 11, 89], [5, 13, 17, 23, 47], [5, 13, 17, 29, 41], [5, 13, 19, 31, 37], [5, 17, 19, 23, 41], [5, 17, 23, 29, 31], [5, 17, 83], [5, 29, 71], [5, 41, 59], [5, 47, 53], [7, 11, 13, 31, 43], [7, 11, 17, 23, 47], [7, 11, 17, 29, 41], [7, 11, 19, 31, 37], [7, 13, 17, 31, 37], [7, 13, 19, 23, 43], [7, 13, 19, 29, 37], [7, 19, 79], [7, 31, 67], [7, 37, 61], [11, 13, 17, 23, 41], [11, 23, 71], [11, 41, 53], [13, 19, 73], [13, 31, 61], [17, 29, 59], [17, 41, 47], [23, 29, 53], [2, 3, 5, 7, 11, 13, 17, 19, 29], [2, 3, 5, 7, 11, 17, 61], [2, 3, 5, 7, 11, 19, 59], [2, 3, 5, 7, 11, 31, 47], [2, 3, 5, 7, 11, 37, 41], [2, 3, 5, 7, 13, 17, 59], [2, 3, 5, 7, 13, 23, 53], [2, 3, 5, 7, 13, 29, 47], [2, 3, 5, 7, 17, 19, 53], [2, 3, 5, 7, 17, 29, 43], [2, 3, 5, 7, 17, 31, 41], [2, 3, 5, 7, 19, 23, 47], [2, 3, 5, 7, 19, 29, 41], [2, 3, 5, 7, 23, 29, 37], [2, 3, 5, 7, 89], [2, 3, 5, 11, 13, 19, 53], [2, 3, 5, 11, 13, 29, 43], [2, 3, 5, 11, 13, 31, 41], [2, 3, 5, 11, 17, 31, 37], [2, 3, 5, 11, 19, 23, 43], [2, 3, 5, 11, 19, 29, 37], [2, 3, 5, 13, 17, 19, 47], [2, 3, 5, 13, 17, 23, 43], [2, 3, 5, 13, 17, 29, 37], [2, 3, 5, 13, 19, 23, 41], [2, 3, 5, 13, 23, 29, 31], [2, 3, 5, 13, 83], [2, 3, 5, 17, 19, 23, 37], [2, 3, 5, 17, 19, 29, 31], [2, 3, 5, 17, 79], [2, 3, 5, 23, 73], [2, 3, 5, 29, 67], [2, 3, 5, 37, 59], [2, 3, 5, 43, 53], [2, 3, 7, 11, 13, 17, 53], [2, 3, 7, 11, 13, 23, 47], [2, 3, 7, 11, 13, 29, 41], [2, 3, 7, 11, 17, 19, 47], [2, 3, 7, 11, 17, 23, 43], [2, 3, 7, 11, 17, 29, 37], [2, 3, 7, 11, 19, 23, 41], [2, 3, 7, 11, 23, 29, 31], [2, 3, 7, 11, 83], [2, 3, 7, 13, 17, 23, 41], [2, 3, 7, 23, 71], [2, 3, 7, 41, 53], [2, 3, 11, 13, 17, 19, 41], [2, 3, 11, 13, 17, 23, 37], [2, 3, 11, 13, 17, 29, 31], [2, 3, 11, 17, 19, 23, 31], [2, 3, 11, 17, 73], [2, 3, 11, 19, 71], [2, 3, 11, 23, 67], [2, 3, 11, 29, 61], [2, 3, 11, 31, 59], [2, 3, 11, 37, 53], [2, 3, 11, 43, 47], [2, 3, 13, 17, 19, 23, 29], [2, 3, 13, 17, 71], [2, 3, 13, 29, 59], [2, 3, 13, 41, 47], [2, 3, 17, 23, 61], [2, 3, 17, 31, 53], [2, 3, 17, 37, 47], [2, 3, 17, 41, 43], [2, 3, 19, 23, 59], [2, 3, 19, 29, 53], [2, 3, 23, 31, 47], [2, 3, 23, 37, 41], [2, 3, 29, 31, 41], [2, 3, 101], [2, 5, 7, 11, 13, 31, 37], [2, 5, 7, 11, 17, 23, 41], [2, 5, 7, 13, 17, 19, 43], [2, 5, 7, 13, 19, 23, 37], [2, 5, 7, 13, 19, 29, 31], [2, 5, 7, 13, 79], [2, 5, 7, 19, 73], [2, 5, 7, 31, 61], [2, 5, 11, 17, 19, 23, 29], [2, 5, 11, 17, 71], [2, 5, 11, 29, 59], [2, 5, 11, 41, 47], [2, 5, 13, 19, 67], [2, 5, 17, 23, 59], [2, 5, 17, 29, 53], [2, 5, 19, 37, 43], [2, 5, 23, 29, 47], [2, 7, 11, 13, 17, 19, 37], [2, 7, 11, 13, 19, 23, 31], [2, 7, 11, 13, 73], [2, 7, 11, 19, 67], [2, 7, 13, 17, 67], [2, 7, 13, 23, 61], [2, 7, 13, 31, 53], [2, 7, 13, 37, 47], [2, 7, 13, 41, 43], [2, 7, 17, 19, 61], [2, 7, 17, 37, 43], [2, 7, 19, 31, 47], [2, 7, 19, 37, 41], [2, 7, 23, 31, 43], [2, 7, 29, 31, 37], [2, 7, 97], [2, 11, 13, 19, 61], [2, 11, 13, 37, 43], [2, 11, 17, 23, 53], [2, 11, 17, 29, 47], [2, 11, 19, 31, 43], [2, 11, 23, 29, 41], [2, 13, 17, 31, 43], [2, 13, 19, 29, 43], [2, 13, 19, 31, 41], [2, 13, 23, 31, 37], [2, 17, 19, 31, 37], [2, 31, 73], [2, 37, 67], [2, 43, 61], [3, 5, 7, 11, 13, 17, 19, 31], [3, 5, 7, 11, 13, 67], [3, 5, 7, 11, 19, 61], [3, 5, 7, 11, 37, 43], [3, 5, 7, 13, 17, 61], [3, 5, 7, 13, 19, 59], [3, 5, 7, 13, 31, 47], [3, 5, 7, 13, 37, 41], [3, 5, 7, 17, 31, 43], [3, 5, 7, 19, 29, 43], [3, 5, 7, 19, 31, 41], [3, 5, 7, 23, 31, 37], [3, 5, 11, 13, 31, 43], [3, 5, 11, 17, 23, 47], [3, 5, 11, 17, 29, 41], [3, 5, 11, 19, 31, 37], [3, 5, 13, 17, 31, 37], [3, 5, 13, 19, 23, 43], [3, 5, 13, 19, 29, 37], [3, 5, 19, 79], [3, 5, 31, 67], [3, 5, 37, 61], [3, 7, 11, 13, 19, 53], [3, 7, 11, 13, 29, 43], [3, 7, 11, 13, 31, 41], [3, 7, 11, 17, 31, 37], [3, 7, 11, 19, 23, 43], [3, 7, 11, 19, 29, 37], [3, 7, 13, 17, 19, 47], [3, 7, 13, 17, 23, 43], [3, 7, 13, 17, 29, 37], [3, 7, 13, 19, 23, 41], [3, 7, 13, 23, 29, 31], [3, 7, 13, 83], [3, 7, 17, 19, 23, 37], [3, 7, 17, 19, 29, 31], [3, 7, 17, 79], [3, 7, 23, 73], [3, 7, 29, 67], [3, 7, 37, 59], [3, 7, 43, 53], [3, 11, 13, 17, 19, 43], [3, 11, 13, 19, 23, 37], [3, 11, 13, 19, 29, 31], [3, 11, 13, 79], [3, 11, 19, 73], [3, 11, 31, 61], [3, 13, 17, 19, 23, 31], [3, 13, 17, 73], [3, 13, 19, 71], [3, 13, 23, 67], [3, 13, 29, 61], [3, 13, 31, 59], [3, 13, 37, 53], [3, 13, 43, 47], [3, 17, 19, 67], [3, 19, 23, 61], [3, 19, 31, 53], [3, 19, 37, 47], [3, 19, 41, 43], [3, 23, 37, 43], [3, 29, 31, 43], [3, 103], [5, 7, 11, 13, 17, 53], [5, 7, 11, 13, 23, 47], [5, 7, 11, 13, 29, 41], [5, 7, 11, 17, 19, 47], [5, 7, 11, 17, 23, 43], [5, 7, 11, 17, 29, 37], [5, 7, 11, 19, 23, 41], [5, 7, 11, 23, 29, 31], [5, 7, 11, 83], [5, 7, 13, 17, 23, 41], [5, 7, 23, 71], [5, 7, 41, 53], [5, 11, 13, 17, 19, 41], [5, 11, 13, 17, 23, 37], [5, 11, 13, 17, 29, 31], [5, 11, 17, 19, 23, 31], [5, 11, 17, 73], [5, 11, 19, 71], [5, 11, 23, 67], [5, 11, 29, 61], [5, 11, 31, 59], [5, 11, 37, 53], [5, 11, 43, 47], [5, 13, 17, 19, 23, 29], [5, 13, 17, 71], [5, 13, 29, 59], [5, 13, 41, 47], [5, 17, 23, 61], [5, 17, 31, 53], [5, 17, 37, 47], [5, 17, 41, 43], [5, 19, 23, 59], [5, 19, 29, 53], [5, 23, 31, 47], [5, 23, 37, 41], [5, 29, 31, 41], [5, 101], [7, 11, 17, 19, 23, 29], [7, 11, 17, 71], [7, 11, 29, 59], [7, 11, 41, 47], [7, 13, 19, 67], [7, 17, 23, 59], [7, 17, 29, 53], [7, 19, 37, 43], [7, 23, 29, 47], [11, 13, 23, 59], [11, 13, 29, 53], [11, 17, 19, 59], [11, 17, 31, 47], [11, 17, 37, 41], [11, 19, 23, 53], [11, 19, 29, 47], [11, 23, 29, 43], [11, 23, 31, 41], [13, 17, 23, 53], [13, 17, 29, 47], [13, 19, 31, 43], [13, 23, 29, 41], [17, 19, 23, 47], [17, 19, 29, 41], [17, 23, 29, 37], [17, 89], [23, 83], [47, 59], [2, 3, 5, 7, 11, 13, 19, 47], [2, 3, 5, 7, 11, 13, 23, 43], [2, 3, 5, 7, 11, 13, 29, 37], [2, 3, 5, 7, 11, 17, 19, 43], [2, 3, 5, 7, 11, 19, 23, 37], [2, 3, 5, 7, 11, 19, 29, 31], [2, 3, 5, 7, 11, 79], [2, 3, 5, 7, 13, 17, 19, 41], [2, 3, 5, 7, 13, 17, 23, 37], [2, 3, 5, 7, 13, 17, 29, 31], [2, 3, 5, 7, 17, 19, 23, 31], [2, 3, 5, 7, 17, 73], [2, 3, 5, 7, 19, 71], [2, 3, 5, 7, 23, 67], [2, 3, 5, 7, 29, 61], [2, 3, 5, 7, 31, 59], [2, 3, 5, 7, 37, 53], [2, 3, 5, 7, 43, 47], [2, 3, 5, 11, 13, 17, 19, 37], [2, 3, 5, 11, 13, 19, 23, 31], [2, 3, 5, 11, 13, 73], [2, 3, 5, 11, 19, 67], [2, 3, 5, 13, 17, 67], [2, 3, 5, 13, 23, 61], [2, 3, 5, 13, 31, 53], [2, 3, 5, 13, 37, 47], [2, 3, 5, 13, 41, 43], [2, 3, 5, 17, 19, 61], [2, 3, 5, 17, 37, 43], [2, 3, 5, 19, 31, 47], [2, 3, 5, 19, 37, 41], [2, 3, 5, 23, 31, 43], [2, 3, 5, 29, 31, 37], [2, 3, 5, 97], [2, 3, 7, 11, 13, 17, 23, 31], [2, 3, 7, 11, 13, 19, 23, 29], [2, 3, 7, 11, 13, 71], [2, 3, 7, 11, 17, 67], [2, 3, 7, 11, 23, 61], [2, 3, 7, 11, 31, 53], [2, 3, 7, 11, 37, 47], [2, 3, 7, 11, 41, 43], [2, 3, 7, 13, 23, 59], [2, 3, 7, 13, 29, 53], [2, 3, 7, 17, 19, 59], [2, 3, 7, 17, 31, 47], [2, 3, 7, 17, 37, 41], [2, 3, 7, 19, 23, 53], [2, 3, 7, 19, 29, 47], [2, 3, 7, 23, 29, 43], [2, 3, 7, 23, 31, 41], [2, 3, 11, 13, 17, 61], [2, 3, 11, 13, 19, 59], [2, 3, 11, 13, 31, 47], [2, 3, 11, 13, 37, 41], [2, 3, 11, 17, 31, 43], [2, 3, 11, 19, 29, 43], [2, 3, 11, 19, 31, 41], [2, 3, 11, 23, 31, 37], [2, 3, 13, 17, 19, 53], [2, 3, 13, 17, 29, 43], [2, 3, 13, 17, 31, 41], [2, 3, 13, 19, 23, 47], [2, 3, 13, 19, 29, 41], [2, 3, 13, 23, 29, 37], [2, 3, 13, 89], [2, 3, 17, 19, 23, 43], [2, 3, 17, 19, 29, 37], [2, 3, 19, 23, 29, 31], [2, 3, 19, 83], [2, 3, 23, 79], [2, 3, 29, 73], [2, 3, 31, 71], [2, 3, 41, 61], [2, 3, 43, 59], [2, 5, 7, 11, 13, 17, 23, 29], [2, 5, 7, 11, 23, 59], [2, 5, 7, 11, 29, 53], [2, 5, 7, 13, 19, 61], [2, 5, 7, 13, 37, 43], [2, 5, 7, 17, 23, 53], [2, 5, 7, 17, 29, 47], [2, 5, 7, 19, 31, 43], [2, 5, 7, 23, 29, 41], [2, 5, 11, 13, 17, 59], [2, 5, 11, 13, 23, 53], [2, 5, 11, 13, 29, 47], [2, 5, 11, 17, 19, 53], [2, 5, 11, 17, 29, 43], [2, 5, 11, 17, 31, 41], [2, 5, 11, 19, 23, 47], [2, 5, 11, 19, 29, 41], [2, 5, 11, 23, 29, 37], [2, 5, 11, 89], [2, 5, 13, 17, 23, 47], [2, 5, 13, 17, 29, 41], [2, 5, 13, 19, 31, 37], [2, 5, 17, 19, 23, 41], [2, 5, 17, 23, 29, 31], [2, 5, 17, 83], [2, 5, 29, 71], [2, 5, 41, 59], [2, 5, 47, 53], [2, 7, 11, 13, 31, 43], [2, 7, 11, 17, 23, 47], [2, 7, 11, 17, 29, 41], [2, 7, 11, 19, 31, 37], [2, 7, 13, 17, 31, 37], [2, 7, 13, 19, 23, 43], [2, 7, 13, 19, 29, 37], [2, 7, 19, 79], [2, 7, 31, 67], [2, 7, 37, 61], [2, 11, 13, 17, 23, 41], [2, 11, 23, 71], [2, 11, 41, 53], [2, 13, 19, 73], [2, 13, 31, 61], [2, 17, 29, 59], [2, 17, 41, 47], [2, 23, 29, 53], [3, 5, 7, 11, 13, 31, 37], [3, 5, 7, 11, 17, 23, 41], [3, 5, 7, 13, 17, 19, 43], [3, 5, 7, 13, 19, 23, 37], [3, 5, 7, 13, 19, 29, 31], [3, 5, 7, 13, 79], [3, 5, 7, 19, 73], [3, 5, 7, 31, 61], [3, 5, 11, 17, 19, 23, 29], [3, 5, 11, 17, 71], [3, 5, 11, 29, 59], [3, 5, 11, 41, 47], [3, 5, 13, 19, 67], [3, 5, 17, 23, 59], [3, 5, 17, 29, 53], [3, 5, 19, 37, 43], [3, 5, 23, 29, 47], [3, 7, 11, 13, 17, 19, 37], [3, 7, 11, 13, 19, 23, 31], [3, 7, 11, 13, 73], [3, 7, 11, 19, 67], [3, 7, 13, 17, 67], [3, 7, 13, 23, 61], [3, 7, 13, 31, 53], [3, 7, 13, 37, 47], [3, 7, 13, 41, 43], [3, 7, 17, 19, 61], [3, 7, 17, 37, 43], [3, 7, 19, 31, 47], [3, 7, 19, 37, 41], [3, 7, 23, 31, 43], [3, 7, 29, 31, 37], [3, 7, 97], [3, 11, 13, 19, 61], [3, 11, 13, 37, 43], [3, 11, 17, 23, 53], [3, 11, 17, 29, 47], [3, 11, 19, 31, 43], [3, 11, 23, 29, 41], [3, 13, 17, 31, 43], [3, 13, 19, 29, 43], [3, 13, 19, 31, 41], [3, 13, 23, 31, 37], [3, 17, 19, 31, 37], [3, 31, 73], [3, 37, 67], [3, 43, 61], [5, 7, 11, 13, 17, 23, 31], [5, 7, 11, 13, 19, 23, 29], [5, 7, 11, 13, 71], [5, 7, 11, 17, 67], [5, 7, 11, 23, 61], [5, 7, 11, 31, 53], [5, 7, 11, 37, 47], [5, 7, 11, 41, 43], [5, 7, 13, 23, 59], [5, 7, 13, 29, 53], [5, 7, 17, 19, 59], [5, 7, 17, 31, 47], [5, 7, 17, 37, 41], [5, 7, 19, 23, 53], [5, 7, 19, 29, 47], [5, 7, 23, 29, 43], [5, 7, 23, 31, 41], [5, 11, 13, 17, 61], [5, 11, 13, 19, 59], [5, 11, 13, 31, 47], [5, 11, 13, 37, 41], [5, 11, 17, 31, 43], [5, 11, 19, 29, 43], [5, 11, 19, 31, 41], [5, 11, 23, 31, 37], [5, 13, 17, 19, 53], [5, 13, 17, 29, 43], [5, 13, 17, 31, 41], [5, 13, 19, 23, 47], [5, 13, 19, 29, 41], [5, 13, 23, 29, 37], [5, 13, 89], [5, 17, 19, 23, 43], [5, 17, 19, 29, 37], [5, 19, 23, 29, 31], [5, 19, 83], [5, 23, 79], [5, 29, 73], [5, 31, 71], [5, 41, 61], [5, 43, 59], [7, 11, 13, 17, 59], [7, 11, 13, 23, 53], [7, 11, 13, 29, 47], [7, 11, 17, 19, 53], [7, 11, 17, 29, 43], [7, 11, 17, 31, 41], [7, 11, 19, 23, 47], [7, 11, 19, 29, 41], [7, 11, 23, 29, 37], [7, 11, 89], [7, 13, 17, 23, 47], [7, 13, 17, 29, 41], [7, 13, 19, 31, 37], [7, 17, 19, 23, 41], [7, 17, 23, 29, 31], [7, 17, 83], [7, 29, 71], [7, 41, 59], [7, 47, 53], [11, 13, 17, 19, 47], [11, 13, 17, 23, 43], [11, 13, 17, 29, 37], [11, 13, 19, 23, 41], [11, 13, 23, 29, 31], [11, 13, 83], [11, 17, 19, 23, 37], [11, 17, 19, 29, 31], [11, 17, 79], [11, 23, 73], [11, 29, 67], [11, 37, 59], [11, 43, 53], [13, 23, 71], [13, 41, 53], [17, 19, 71], [17, 23, 67], [17, 29, 61], [17, 31, 59], [17, 37, 53], [17, 43, 47], [19, 29, 59], [19, 41, 47], [23, 31, 53], [23, 37, 47], [23, 41, 43], [29, 31, 47], [29, 37, 41], [107], [2, 3, 5, 7, 11, 13, 17, 19, 31], [2, 3, 5, 7, 11, 13, 67], [2, 3, 5, 7, 11, 19, 61], [2, 3, 5, 7, 11, 37, 43], [2, 3, 5, 7, 13, 17, 61], [2, 3, 5, 7, 13, 19, 59], [2, 3, 5, 7, 13, 31, 47], [2, 3, 5, 7, 13, 37, 41], [2, 3, 5, 7, 17, 31, 43], [2, 3, 5, 7, 19, 29, 43], [2, 3, 5, 7, 19, 31, 41], [2, 3, 5, 7, 23, 31, 37], [2, 3, 5, 11, 13, 31, 43], [2, 3, 5, 11, 17, 23, 47], [2, 3, 5, 11, 17, 29, 41], [2, 3, 5, 11, 19, 31, 37], [2, 3, 5, 13, 17, 31, 37], [2, 3, 5, 13, 19, 23, 43], [2, 3, 5, 13, 19, 29, 37], [2, 3, 5, 19, 79], [2, 3, 5, 31, 67], [2, 3, 5, 37, 61], [2, 3, 7, 11, 13, 19, 53], [2, 3, 7, 11, 13, 29, 43], [2, 3, 7, 11, 13, 31, 41], [2, 3, 7, 11, 17, 31, 37], [2, 3, 7, 11, 19, 23, 43], [2, 3, 7, 11, 19, 29, 37], [2, 3, 7, 13, 17, 19, 47], [2, 3, 7, 13, 17, 23, 43], [2, 3, 7, 13, 17, 29, 37], [2, 3, 7, 13, 19, 23, 41], [2, 3, 7, 13, 23, 29, 31], [2, 3, 7, 13, 83], [2, 3, 7, 17, 19, 23, 37], [2, 3, 7, 17, 19, 29, 31], [2, 3, 7, 17, 79], [2, 3, 7, 23, 73], [2, 3, 7, 29, 67], [2, 3, 7, 37, 59], [2, 3, 7, 43, 53], [2, 3, 11, 13, 17, 19, 43], [2, 3, 11, 13, 19, 23, 37], [2, 3, 11, 13, 19, 29, 31], [2, 3, 11, 13, 79], [2, 3, 11, 19, 73], [2, 3, 11, 31, 61], [2, 3, 13, 17, 19, 23, 31], [2, 3, 13, 17, 73], [2, 3, 13, 19, 71], [2, 3, 13, 23, 67], [2, 3, 13, 29, 61], [2, 3, 13, 31, 59], [2, 3, 13, 37, 53], [2, 3, 13, 43, 47], [2, 3, 17, 19, 67], [2, 3, 19, 23, 61], [2, 3, 19, 31, 53], [2, 3, 19, 37, 47], [2, 3, 19, 41, 43], [2, 3, 23, 37, 43], [2, 3, 29, 31, 43], [2, 3, 103], [2, 5, 7, 11, 13, 17, 53], [2, 5, 7, 11, 13, 23, 47], [2, 5, 7, 11, 13, 29, 41], [2, 5, 7, 11, 17, 19, 47], [2, 5, 7, 11, 17, 23, 43], [2, 5, 7, 11, 17, 29, 37], [2, 5, 7, 11, 19, 23, 41], [2, 5, 7, 11, 23, 29, 31], [2, 5, 7, 11, 83], [2, 5, 7, 13, 17, 23, 41], [2, 5, 7, 23, 71], [2, 5, 7, 41, 53], [2, 5, 11, 13, 17, 19, 41], [2, 5, 11, 13, 17, 23, 37], [2, 5, 11, 13, 17, 29, 31], [2, 5, 11, 17, 19, 23, 31], [2, 5, 11, 17, 73], [2, 5, 11, 19, 71], [2, 5, 11, 23, 67], [2, 5, 11, 29, 61], [2, 5, 11, 31, 59], [2, 5, 11, 37, 53], [2, 5, 11, 43, 47], [2, 5, 13, 17, 19, 23, 29], [2, 5, 13, 17, 71], [2, 5, 13, 29, 59], [2, 5, 13, 41, 47], [2, 5, 17, 23, 61], [2, 5, 17, 31, 53], [2, 5, 17, 37, 47], [2, 5, 17, 41, 43], [2, 5, 19, 23, 59], [2, 5, 19, 29, 53], [2, 5, 23, 31, 47], [2, 5, 23, 37, 41], [2, 5, 29, 31, 41], [2, 5, 101], [2, 7, 11, 17, 19, 23, 29], [2, 7, 11, 17, 71], [2, 7, 11, 29, 59], [2, 7, 11, 41, 47], [2, 7, 13, 19, 67], [2, 7, 17, 23, 59], [2, 7, 17, 29, 53], [2, 7, 19, 37, 43], [2, 7, 23, 29, 47], [2, 11, 13, 23, 59], [2, 11, 13, 29, 53], [2, 11, 17, 19, 59], [2, 11, 17, 31, 47], [2, 11, 17, 37, 41], [2, 11, 19, 23, 53], [2, 11, 19, 29, 47], [2, 11, 23, 29, 43], [2, 11, 23, 31, 41], [2, 13, 17, 23, 53], [2, 13, 17, 29, 47], [2, 13, 19, 31, 43], [2, 13, 23, 29, 41], [2, 17, 19, 23, 47], [2, 17, 19, 29, 41], [2, 17, 23, 29, 37], [2, 17, 89], [2, 23, 83], [2, 47, 59], [3, 5, 7, 11, 13, 17, 23, 29], [3, 5, 7, 11, 23, 59], [3, 5, 7, 11, 29, 53], [3, 5, 7, 13, 19, 61], [3, 5, 7, 13, 37, 43], [3, 5, 7, 17, 23, 53], [3, 5, 7, 17, 29, 47], [3, 5, 7, 19, 31, 43], [3, 5, 7, 23, 29, 41], [3, 5, 11, 13, 17, 59], [3, 5, 11, 13, 23, 53], [3, 5, 11, 13, 29, 47], [3, 5, 11, 17, 19, 53], [3, 5, 11, 17, 29, 43], [3, 5, 11, 17, 31, 41], [3, 5, 11, 19, 23, 47], [3, 5, 11, 19, 29, 41], [3, 5, 11, 23, 29, 37], [3, 5, 11, 89], [3, 5, 13, 17, 23, 47], [3, 5, 13, 17, 29, 41], [3, 5, 13, 19, 31, 37], [3, 5, 17, 19, 23, 41], [3, 5, 17, 23, 29, 31], [3, 5, 17, 83], [3, 5, 29, 71], [3, 5, 41, 59], [3, 5, 47, 53], [3, 7, 11, 13, 31, 43], [3, 7, 11, 17, 23, 47], [3, 7, 11, 17, 29, 41], [3, 7, 11, 19, 31, 37], [3, 7, 13, 17, 31, 37], [3, 7, 13, 19, 23, 43], [3, 7, 13, 19, 29, 37], [3, 7, 19, 79], [3, 7, 31, 67], [3, 7, 37, 61], [3, 11, 13, 17, 23, 41], [3, 11, 23, 71], [3, 11, 41, 53], [3, 13, 19, 73], [3, 13, 31, 61], [3, 17, 29, 59], [3, 17, 41, 47], [3, 23, 29, 53], [5, 7, 11, 13, 19, 53], [5, 7, 11, 13, 29, 43], [5, 7, 11, 13, 31, 41], [5, 7, 11, 17, 31, 37], [5, 7, 11, 19, 23, 43], [5, 7, 11, 19, 29, 37], [5, 7, 13, 17, 19, 47], [5, 7, 13, 17, 23, 43], [5, 7, 13, 17, 29, 37], [5, 7, 13, 19, 23, 41], [5, 7, 13, 23, 29, 31], [5, 7, 13, 83], [5, 7, 17, 19, 23, 37], [5, 7, 17, 19, 29, 31], [5, 7, 17, 79], [5, 7, 23, 73], [5, 7, 29, 67], [5, 7, 37, 59], [5, 7, 43, 53], [5, 11, 13, 17, 19, 43], [5, 11, 13, 19, 23, 37], [5, 11, 13, 19, 29, 31], [5, 11, 13, 79], [5, 11, 19, 73], [5, 11, 31, 61], [5, 13, 17, 19, 23, 31], [5, 13, 17, 73], [5, 13, 19, 71], [5, 13, 23, 67], [5, 13, 29, 61], [5, 13, 31, 59], [5, 13, 37, 53], [5, 13, 43, 47], [5, 17, 19, 67], [5, 19, 23, 61], [5, 19, 31, 53], [5, 19, 37, 47], [5, 19, 41, 43], [5, 23, 37, 43], [5, 29, 31, 43], [5, 103], [7, 11, 13, 17, 19, 41], [7, 11, 13, 17, 23, 37], [7, 11, 13, 17, 29, 31], [7, 11, 17, 19, 23, 31], [7, 11, 17, 73], [7, 11, 19, 71], [7, 11, 23, 67], [7, 11, 29, 61], [7, 11, 31, 59], [7, 11, 37, 53], [7, 11, 43, 47], [7, 13, 17, 19, 23, 29], [7, 13, 17, 71], [7, 13, 29, 59], [7, 13, 41, 47], [7, 17, 23, 61], [7, 17, 31, 53], [7, 17, 37, 47], [7, 17, 41, 43], [7, 19, 23, 59], [7, 19, 29, 53], [7, 23, 31, 47], [7, 23, 37, 41], [7, 29, 31, 41], [7, 101], [11, 13, 17, 67], [11, 13, 23, 61], [11, 13, 31, 53], [11, 13, 37, 47], [11, 13, 41, 43], [11, 17, 19, 61], [11, 17, 37, 43], [11, 19, 31, 47], [11, 19, 37, 41], [11, 23, 31, 43], [11, 29, 31, 37], [11, 97], [13, 17, 19, 59], [13, 17, 31, 47], [13, 17, 37, 41], [13, 19, 23, 53], [13, 19, 29, 47], [13, 23, 29, 43], [13, 23, 31, 41], [17, 19, 29, 43], [17, 19, 31, 41], [17, 23, 31, 37], [19, 23, 29, 37], [19, 89], [29, 79], [37, 71], [41, 67], [47, 61], [2, 3, 5, 7, 11, 13, 31, 37], [2, 3, 5, 7, 11, 17, 23, 41], [2, 3, 5, 7, 13, 17, 19, 43], [2, 3, 5, 7, 13, 19, 23, 37], [2, 3, 5, 7, 13, 19, 29, 31], [2, 3, 5, 7, 13, 79], [2, 3, 5, 7, 19, 73], [2, 3, 5, 7, 31, 61], [2, 3, 5, 11, 17, 19, 23, 29], [2, 3, 5, 11, 17, 71], [2, 3, 5, 11, 29, 59], [2, 3, 5, 11, 41, 47], [2, 3, 5, 13, 19, 67], [2, 3, 5, 17, 23, 59], [2, 3, 5, 17, 29, 53], [2, 3, 5, 19, 37, 43], [2, 3, 5, 23, 29, 47], [2, 3, 7, 11, 13, 17, 19, 37], [2, 3, 7, 11, 13, 19, 23, 31], [2, 3, 7, 11, 13, 73], [2, 3, 7, 11, 19, 67], [2, 3, 7, 13, 17, 67], [2, 3, 7, 13, 23, 61], [2, 3, 7, 13, 31, 53], [2, 3, 7, 13, 37, 47], [2, 3, 7, 13, 41, 43], [2, 3, 7, 17, 19, 61], [2, 3, 7, 17, 37, 43], [2, 3, 7, 19, 31, 47], [2, 3, 7, 19, 37, 41], [2, 3, 7, 23, 31, 43], [2, 3, 7, 29, 31, 37], [2, 3, 7, 97], [2, 3, 11, 13, 19, 61], [2, 3, 11, 13, 37, 43], [2, 3, 11, 17, 23, 53], [2, 3, 11, 17, 29, 47], [2, 3, 11, 19, 31, 43], [2, 3, 11, 23, 29, 41], [2, 3, 13, 17, 31, 43], [2, 3, 13, 19, 29, 43], [2, 3, 13, 19, 31, 41], [2, 3, 13, 23, 31, 37], [2, 3, 17, 19, 31, 37], [2, 3, 31, 73], [2, 3, 37, 67], [2, 3, 43, 61], [2, 5, 7, 11, 13, 17, 23, 31], [2, 5, 7, 11, 13, 19, 23, 29], [2, 5, 7, 11, 13, 71], [2, 5, 7, 11, 17, 67], [2, 5, 7, 11, 23, 61], [2, 5, 7, 11, 31, 53], [2, 5, 7, 11, 37, 47], [2, 5, 7, 11, 41, 43], [2, 5, 7, 13, 23, 59], [2, 5, 7, 13, 29, 53], [2, 5, 7, 17, 19, 59], [2, 5, 7, 17, 31, 47], [2, 5, 7, 17, 37, 41], [2, 5, 7, 19, 23, 53], [2, 5, 7, 19, 29, 47], [2, 5, 7, 23, 29, 43], [2, 5, 7, 23, 31, 41], [2, 5, 11, 13, 17, 61], [2, 5, 11, 13, 19, 59], [2, 5, 11, 13, 31, 47], [2, 5, 11, 13, 37, 41], [2, 5, 11, 17, 31, 43], [2, 5, 11, 19, 29, 43], [2, 5, 11, 19, 31, 41], [2, 5, 11, 23, 31, 37], [2, 5, 13, 17, 19, 53], [2, 5, 13, 17, 29, 43], [2, 5, 13, 17, 31, 41], [2, 5, 13, 19, 23, 47], [2, 5, 13, 19, 29, 41], [2, 5, 13, 23, 29, 37], [2, 5, 13, 89], [2, 5, 17, 19, 23, 43], [2, 5, 17, 19, 29, 37], [2, 5, 19, 23, 29, 31], [2, 5, 19, 83], [2, 5, 23, 79], [2, 5, 29, 73], [2, 5, 31, 71], [2, 5, 41, 61], [2, 5, 43, 59], [2, 7, 11, 13, 17, 59], [2, 7, 11, 13, 23, 53], [2, 7, 11, 13, 29, 47], [2, 7, 11, 17, 19, 53], [2, 7, 11, 17, 29, 43], [2, 7, 11, 17, 31, 41], [2, 7, 11, 19, 23, 47], [2, 7, 11, 19, 29, 41], [2, 7, 11, 23, 29, 37], [2, 7, 11, 89], [2, 7, 13, 17, 23, 47], [2, 7, 13, 17, 29, 41], [2, 7, 13, 19, 31, 37], [2, 7, 17, 19, 23, 41], [2, 7, 17, 23, 29, 31], [2, 7, 17, 83], [2, 7, 29, 71], [2, 7, 41, 59], [2, 7, 47, 53], [2, 11, 13, 17, 19, 47], [2, 11, 13, 17, 23, 43], [2, 11, 13, 17, 29, 37], [2, 11, 13, 19, 23, 41], [2, 11, 13, 23, 29, 31], [2, 11, 13, 83], [2, 11, 17, 19, 23, 37], [2, 11, 17, 19, 29, 31], [2, 11, 17, 79], [2, 11, 23, 73], [2, 11, 29, 67], [2, 11, 37, 59], [2, 11, 43, 53], [2, 13, 23, 71], [2, 13, 41, 53], [2, 17, 19, 71], [2, 17, 23, 67], [2, 17, 29, 61], [2, 17, 31, 59], [2, 17, 37, 53], [2, 17, 43, 47], [2, 19, 29, 59], [2, 19, 41, 47], [2, 23, 31, 53], [2, 23, 37, 47], [2, 23, 41, 43], [2, 29, 31, 47], [2, 29, 37, 41], [2, 107], [3, 5, 7, 11, 13, 17, 53], [3, 5, 7, 11, 13, 23, 47], [3, 5, 7, 11, 13, 29, 41], [3, 5, 7, 11, 17, 19, 47], [3, 5, 7, 11, 17, 23, 43], [3, 5, 7, 11, 17, 29, 37], [3, 5, 7, 11, 19, 23, 41], [3, 5, 7, 11, 23, 29, 31], [3, 5, 7, 11, 83], [3, 5, 7, 13, 17, 23, 41], [3, 5, 7, 23, 71], [3, 5, 7, 41, 53], [3, 5, 11, 13, 17, 19, 41], [3, 5, 11, 13, 17, 23, 37], [3, 5, 11, 13, 17, 29, 31], [3, 5, 11, 17, 19, 23, 31], [3, 5, 11, 17, 73], [3, 5, 11, 19, 71], [3, 5, 11, 23, 67], [3, 5, 11, 29, 61], [3, 5, 11, 31, 59], [3, 5, 11, 37, 53], [3, 5, 11, 43, 47], [3, 5, 13, 17, 19, 23, 29], [3, 5, 13, 17, 71], [3, 5, 13, 29, 59], [3, 5, 13, 41, 47], [3, 5, 17, 23, 61], [3, 5, 17, 31, 53], [3, 5, 17, 37, 47], [3, 5, 17, 41, 43], [3, 5, 19, 23, 59], [3, 5, 19, 29, 53], [3, 5, 23, 31, 47], [3, 5, 23, 37, 41], [3, 5, 29, 31, 41], [3, 5, 101], [3, 7, 11, 17, 19, 23, 29], [3, 7, 11, 17, 71], [3, 7, 11, 29, 59], [3, 7, 11, 41, 47], [3, 7, 13, 19, 67], [3, 7, 17, 23, 59], [3, 7, 17, 29, 53], [3, 7, 19, 37, 43], [3, 7, 23, 29, 47], [3, 11, 13, 23, 59], [3, 11, 13, 29, 53], [3, 11, 17, 19, 59], [3, 11, 17, 31, 47], [3, 11, 17, 37, 41], [3, 11, 19, 23, 53], [3, 11, 19, 29, 47], [3, 11, 23, 29, 43], [3, 11, 23, 31, 41], [3, 13, 17, 23, 53], [3, 13, 17, 29, 47], [3, 13, 19, 31, 43], [3, 13, 23, 29, 41], [3, 17, 19, 23, 47], [3, 17, 19, 29, 41], [3, 17, 23, 29, 37], [3, 17, 89], [3, 23, 83], [3, 47, 59], [5, 7, 11, 13, 17, 19, 37], [5, 7, 11, 13, 19, 23, 31], [5, 7, 11, 13, 73], [5, 7, 11, 19, 67], [5, 7, 13, 17, 67], [5, 7, 13, 23, 61], [5, 7, 13, 31, 53], [5, 7, 13, 37, 47], [5, 7, 13, 41, 43], [5, 7, 17, 19, 61], [5, 7, 17, 37, 43], [5, 7, 19, 31, 47], [5, 7, 19, 37, 41], [5, 7, 23, 31, 43], [5, 7, 29, 31, 37], [5, 7, 97], [5, 11, 13, 19, 61], [5, 11, 13, 37, 43], [5, 11, 17, 23, 53], [5, 11, 17, 29, 47], [5, 11, 19, 31, 43], [5, 11, 23, 29, 41], [5, 13, 17, 31, 43], [5, 13, 19, 29, 43], [5, 13, 19, 31, 41], [5, 13, 23, 31, 37], [5, 17, 19, 31, 37], [5, 31, 73], [5, 37, 67], [5, 43, 61], [7, 11, 13, 17, 61], [7, 11, 13, 19, 59], [7, 11, 13, 31, 47], [7, 11, 13, 37, 41], [7, 11, 17, 31, 43], [7, 11, 19, 29, 43], [7, 11, 19, 31, 41], [7, 11, 23, 31, 37], [7, 13, 17, 19, 53], [7, 13, 17, 29, 43], [7, 13, 17, 31, 41], [7, 13, 19, 23, 47], [7, 13, 19, 29, 41], [7, 13, 23, 29, 37], [7, 13, 89], [7, 17, 19, 23, 43], [7, 17, 19, 29, 37], [7, 19, 23, 29, 31], [7, 19, 83], [7, 23, 79], [7, 29, 73], [7, 31, 71], [7, 41, 61], [7, 43, 59], [11, 13, 17, 31, 37], [11, 13, 19, 23, 43], [11, 13, 19, 29, 37], [11, 19, 79], [11, 31, 67], [11, 37, 61], [13, 17, 19, 23, 37], [13, 17, 19, 29, 31], [13, 17, 79], [13, 23, 73], [13, 29, 67], [13, 37, 59], [13, 43, 53], [17, 19, 73], [17, 31, 61], [19, 23, 67], [19, 29, 61], [19, 31, 59], [19, 37, 53], [19, 43, 47], [29, 37, 43], [31, 37, 41], [109], [2, 3, 5, 7, 11, 13, 17, 23, 29], [2, 3, 5, 7, 11, 23, 59], [2, 3, 5, 7, 11, 29, 53], [2, 3, 5, 7, 13, 19, 61], [2, 3, 5, 7, 13, 37, 43], [2, 3, 5, 7, 17, 23, 53], [2, 3, 5, 7, 17, 29, 47], [2, 3, 5, 7, 19, 31, 43], [2, 3, 5, 7, 23, 29, 41], [2, 3, 5, 11, 13, 17, 59], [2, 3, 5, 11, 13, 23, 53], [2, 3, 5, 11, 13, 29, 47], [2, 3, 5, 11, 17, 19, 53], [2, 3, 5, 11, 17, 29, 43], [2, 3, 5, 11, 17, 31, 41], [2, 3, 5, 11, 19, 23, 47], [2, 3, 5, 11, 19, 29, 41], [2, 3, 5, 11, 23, 29, 37], [2, 3, 5, 11, 89], [2, 3, 5, 13, 17, 23, 47], [2, 3, 5, 13, 17, 29, 41], [2, 3, 5, 13, 19, 31, 37], [2, 3, 5, 17, 19, 23, 41], [2, 3, 5, 17, 23, 29, 31], [2, 3, 5, 17, 83], [2, 3, 5, 29, 71], [2, 3, 5, 41, 59], [2, 3, 5, 47, 53], [2, 3, 7, 11, 13, 31, 43], [2, 3, 7, 11, 17, 23, 47], [2, 3, 7, 11, 17, 29, 41], [2, 3, 7, 11, 19, 31, 37], [2, 3, 7, 13, 17, 31, 37], [2, 3, 7, 13, 19, 23, 43], [2, 3, 7, 13, 19, 29, 37], [2, 3, 7, 19, 79], [2, 3, 7, 31, 67], [2, 3, 7, 37, 61], [2, 3, 11, 13, 17, 23, 41], [2, 3, 11, 23, 71], [2, 3, 11, 41, 53], [2, 3, 13, 19, 73], [2, 3, 13, 31, 61], [2, 3, 17, 29, 59], [2, 3, 17, 41, 47], [2, 3, 23, 29, 53], [2, 5, 7, 11, 13, 19, 53], [2, 5, 7, 11, 13, 29, 43], [2, 5, 7, 11, 13, 31, 41], [2, 5, 7, 11, 17, 31, 37], [2, 5, 7, 11, 19, 23, 43], [2, 5, 7, 11, 19, 29, 37], [2, 5, 7, 13, 17, 19, 47], [2, 5, 7, 13, 17, 23, 43], [2, 5, 7, 13, 17, 29, 37], [2, 5, 7, 13, 19, 23, 41], [2, 5, 7, 13, 23, 29, 31], [2, 5, 7, 13, 83], [2, 5, 7, 17, 19, 23, 37], [2, 5, 7, 17, 19, 29, 31], [2, 5, 7, 17, 79], [2, 5, 7, 23, 73], [2, 5, 7, 29, 67], [2, 5, 7, 37, 59], [2, 5, 7, 43, 53], [2, 5, 11, 13, 17, 19, 43], [2, 5, 11, 13, 19, 23, 37], [2, 5, 11, 13, 19, 29, 31], [2, 5, 11, 13, 79], [2, 5, 11, 19, 73], [2, 5, 11, 31, 61], [2, 5, 13, 17, 19, 23, 31], [2, 5, 13, 17, 73], [2, 5, 13, 19, 71], [2, 5, 13, 23, 67], [2, 5, 13, 29, 61], [2, 5, 13, 31, 59], [2, 5, 13, 37, 53], [2, 5, 13, 43, 47], [2, 5, 17, 19, 67], [2, 5, 19, 23, 61], [2, 5, 19, 31, 53], [2, 5, 19, 37, 47], [2, 5, 19, 41, 43], [2, 5, 23, 37, 43], [2, 5, 29, 31, 43], [2, 5, 103], [2, 7, 11, 13, 17, 19, 41], [2, 7, 11, 13, 17, 23, 37], [2, 7, 11, 13, 17, 29, 31], [2, 7, 11, 17, 19, 23, 31], [2, 7, 11, 17, 73], [2, 7, 11, 19, 71], [2, 7, 11, 23, 67], [2, 7, 11, 29, 61], [2, 7, 11, 31, 59], [2, 7, 11, 37, 53], [2, 7, 11, 43, 47], [2, 7, 13, 17, 19, 23, 29], [2, 7, 13, 17, 71], [2, 7, 13, 29, 59], [2, 7, 13, 41, 47], [2, 7, 17, 23, 61], [2, 7, 17, 31, 53], [2, 7, 17, 37, 47], [2, 7, 17, 41, 43], [2, 7, 19, 23, 59], [2, 7, 19, 29, 53], [2, 7, 23, 31, 47], [2, 7, 23, 37, 41], [2, 7, 29, 31, 41], [2, 7, 101], [2, 11, 13, 17, 67], [2, 11, 13, 23, 61], [2, 11, 13, 31, 53], [2, 11, 13, 37, 47], [2, 11, 13, 41, 43], [2, 11, 17, 19, 61], [2, 11, 17, 37, 43], [2, 11, 19, 31, 47], [2, 11, 19, 37, 41], [2, 11, 23, 31, 43], [2, 11, 29, 31, 37], [2, 11, 97], [2, 13, 17, 19, 59], [2, 13, 17, 31, 47], [2, 13, 17, 37, 41], [2, 13, 19, 23, 53], [2, 13, 19, 29, 47], [2, 13, 23, 29, 43], [2, 13, 23, 31, 41], [2, 17, 19, 29, 43], [2, 17, 19, 31, 41], [2, 17, 23, 31, 37], [2, 19, 23, 29, 37], [2, 19, 89], [2, 29, 79], [2, 37, 71], [2, 41, 67], [2, 47, 61], [3, 5, 7, 11, 13, 17, 23, 31], [3, 5, 7, 11, 13, 19, 23, 29], [3, 5, 7, 11, 13, 71], [3, 5, 7, 11, 17, 67], [3, 5, 7, 11, 23, 61], [3, 5, 7, 11, 31, 53], [3, 5, 7, 11, 37, 47], [3, 5, 7, 11, 41, 43], [3, 5, 7, 13, 23, 59], [3, 5, 7, 13, 29, 53], [3, 5, 7, 17, 19, 59], [3, 5, 7, 17, 31, 47], [3, 5, 7, 17, 37, 41], [3, 5, 7, 19, 23, 53], [3, 5, 7, 19, 29, 47], [3, 5, 7, 23, 29, 43], [3, 5, 7, 23, 31, 41], [3, 5, 11, 13, 17, 61], [3, 5, 11, 13, 19, 59], [3, 5, 11, 13, 31, 47], [3, 5, 11, 13, 37, 41], [3, 5, 11, 17, 31, 43], [3, 5, 11, 19, 29, 43], [3, 5, 11, 19, 31, 41], [3, 5, 11, 23, 31, 37], [3, 5, 13, 17, 19, 53], [3, 5, 13, 17, 29, 43], [3, 5, 13, 17, 31, 41], [3, 5, 13, 19, 23, 47], [3, 5, 13, 19, 29, 41], [3, 5, 13, 23, 29, 37], [3, 5, 13, 89], [3, 5, 17, 19, 23, 43], [3, 5, 17, 19, 29, 37], [3, 5, 19, 23, 29, 31], [3, 5, 19, 83], [3, 5, 23, 79], [3, 5, 29, 73], [3, 5, 31, 71], [3, 5, 41, 61], [3, 5, 43, 59], [3, 7, 11, 13, 17, 59], [3, 7, 11, 13, 23, 53], [3, 7, 11, 13, 29, 47], [3, 7, 11, 17, 19, 53], [3, 7, 11, 17, 29, 43], [3, 7, 11, 17, 31, 41], [3, 7, 11, 19, 23, 47], [3, 7, 11, 19, 29, 41], [3, 7, 11, 23, 29, 37], [3, 7, 11, 89], [3, 7, 13, 17, 23, 47], [3, 7, 13, 17, 29, 41], [3, 7, 13, 19, 31, 37], [3, 7, 17, 19, 23, 41], [3, 7, 17, 23, 29, 31], [3, 7, 17, 83], [3, 7, 29, 71], [3, 7, 41, 59], [3, 7, 47, 53], [3, 11, 13, 17, 19, 47], [3, 11, 13, 17, 23, 43], [3, 11, 13, 17, 29, 37], [3, 11, 13, 19, 23, 41], [3, 11, 13, 23, 29, 31], [3, 11, 13, 83], [3, 11, 17, 19, 23, 37], [3, 11, 17, 19, 29, 31], [3, 11, 17, 79], [3, 11, 23, 73], [3, 11, 29, 67], [3, 11, 37, 59], [3, 11, 43, 53], [3, 13, 23, 71], [3, 13, 41, 53], [3, 17, 19, 71], [3, 17, 23, 67], [3, 17, 29, 61], [3, 17, 31, 59], [3, 17, 37, 53], [3, 17, 43, 47], [3, 19, 29, 59], [3, 19, 41, 47], [3, 23, 31, 53], [3, 23, 37, 47], [3, 23, 41, 43], [3, 29, 31, 47], [3, 29, 37, 41], [3, 107], [5, 7, 11, 13, 31, 43], [5, 7, 11, 17, 23, 47], [5, 7, 11, 17, 29, 41], [5, 7, 11, 19, 31, 37], [5, 7, 13, 17, 31, 37], [5, 7, 13, 19, 23, 43], [5, 7, 13, 19, 29, 37], [5, 7, 19, 79], [5, 7, 31, 67], [5, 7, 37, 61], [5, 11, 13, 17, 23, 41], [5, 11, 23, 71], [5, 11, 41, 53], [5, 13, 19, 73], [5, 13, 31, 61], [5, 17, 29, 59], [5, 17, 41, 47], [5, 23, 29, 53], [7, 11, 13, 17, 19, 43], [7, 11, 13, 19, 23, 37], [7, 11, 13, 19, 29, 31], [7, 11, 13, 79], [7, 11, 19, 73], [7, 11, 31, 61], [7, 13, 17, 19, 23, 31], [7, 13, 17, 73], [7, 13, 19, 71], [7, 13, 23, 67], [7, 13, 29, 61], [7, 13, 31, 59], [7, 13, 37, 53], [7, 13, 43, 47], [7, 17, 19, 67], [7, 19, 23, 61], [7, 19, 31, 53], [7, 19, 37, 47], [7, 19, 41, 43], [7, 23, 37, 43], [7, 29, 31, 43], [7, 103], [11, 13, 19, 67], [11, 17, 23, 59], [11, 17, 29, 53], [11, 19, 37, 43], [11, 23, 29, 47], [13, 17, 19, 61], [13, 17, 37, 43], [13, 19, 31, 47], [13, 19, 37, 41], [13, 23, 31, 43], [13, 29, 31, 37], [13, 97], [17, 19, 31, 43], [17, 23, 29, 41], [19, 23, 31, 37], [31, 79], [37, 73], [43, 67], [2, 3, 5, 7, 11, 13, 17, 53], [2, 3, 5, 7, 11, 13, 23, 47], [2, 3, 5, 7, 11, 13, 29, 41], [2, 3, 5, 7, 11, 17, 19, 47], [2, 3, 5, 7, 11, 17, 23, 43], [2, 3, 5, 7, 11, 17, 29, 37], [2, 3, 5, 7, 11, 19, 23, 41], [2, 3, 5, 7, 11, 23, 29, 31], [2, 3, 5, 7, 11, 83], [2, 3, 5, 7, 13, 17, 23, 41], [2, 3, 5, 7, 23, 71], [2, 3, 5, 7, 41, 53], [2, 3, 5, 11, 13, 17, 19, 41], [2, 3, 5, 11, 13, 17, 23, 37], [2, 3, 5, 11, 13, 17, 29, 31], [2, 3, 5, 11, 17, 19, 23, 31], [2, 3, 5, 11, 17, 73], [2, 3, 5, 11, 19, 71], [2, 3, 5, 11, 23, 67], [2, 3, 5, 11, 29, 61], [2, 3, 5, 11, 31, 59], [2, 3, 5, 11, 37, 53], [2, 3, 5, 11, 43, 47], [2, 3, 5, 13, 17, 19, 23, 29], [2, 3, 5, 13, 17, 71], [2, 3, 5, 13, 29, 59], [2, 3, 5, 13, 41, 47], [2, 3, 5, 17, 23, 61], [2, 3, 5, 17, 31, 53], [2, 3, 5, 17, 37, 47], [2, 3, 5, 17, 41, 43], [2, 3, 5, 19, 23, 59], [2, 3, 5, 19, 29, 53], [2, 3, 5, 23, 31, 47], [2, 3, 5, 23, 37, 41], [2, 3, 5, 29, 31, 41], [2, 3, 5, 101], [2, 3, 7, 11, 17, 19, 23, 29], [2, 3, 7, 11, 17, 71], [2, 3, 7, 11, 29, 59], [2, 3, 7, 11, 41, 47], [2, 3, 7, 13, 19, 67], [2, 3, 7, 17, 23, 59], [2, 3, 7, 17, 29, 53], [2, 3, 7, 19, 37, 43], [2, 3, 7, 23, 29, 47], [2, 3, 11, 13, 23, 59], [2, 3, 11, 13, 29, 53], [2, 3, 11, 17, 19, 59], [2, 3, 11, 17, 31, 47], [2, 3, 11, 17, 37, 41], [2, 3, 11, 19, 23, 53], [2, 3, 11, 19, 29, 47], [2, 3, 11, 23, 29, 43], [2, 3, 11, 23, 31, 41], [2, 3, 13, 17, 23, 53], [2, 3, 13, 17, 29, 47], [2, 3, 13, 19, 31, 43], [2, 3, 13, 23, 29, 41], [2, 3, 17, 19, 23, 47], [2, 3, 17, 19, 29, 41], [2, 3, 17, 23, 29, 37], [2, 3, 17, 89], [2, 3, 23, 83], [2, 3, 47, 59], [2, 5, 7, 11, 13, 17, 19, 37], [2, 5, 7, 11, 13, 19, 23, 31], [2, 5, 7, 11, 13, 73], [2, 5, 7, 11, 19, 67], [2, 5, 7, 13, 17, 67], [2, 5, 7, 13, 23, 61], [2, 5, 7, 13, 31, 53], [2, 5, 7, 13, 37, 47], [2, 5, 7, 13, 41, 43], [2, 5, 7, 17, 19, 61], [2, 5, 7, 17, 37, 43], [2, 5, 7, 19, 31, 47], [2, 5, 7, 19, 37, 41], [2, 5, 7, 23, 31, 43], [2, 5, 7, 29, 31, 37], [2, 5, 7, 97], [2, 5, 11, 13, 19, 61], [2, 5, 11, 13, 37, 43], [2, 5, 11, 17, 23, 53], [2, 5, 11, 17, 29, 47], [2, 5, 11, 19, 31, 43], [2, 5, 11, 23, 29, 41], [2, 5, 13, 17, 31, 43], [2, 5, 13, 19, 29, 43], [2, 5, 13, 19, 31, 41], [2, 5, 13, 23, 31, 37], [2, 5, 17, 19, 31, 37], [2, 5, 31, 73], [2, 5, 37, 67], [2, 5, 43, 61], [2, 7, 11, 13, 17, 61], [2, 7, 11, 13, 19, 59], [2, 7, 11, 13, 31, 47], [2, 7, 11, 13, 37, 41], [2, 7, 11, 17, 31, 43], [2, 7, 11, 19, 29, 43], [2, 7, 11, 19, 31, 41], [2, 7, 11, 23, 31, 37], [2, 7, 13, 17, 19,