50
0 748459819 507009072 532440221 542889016 565508171 540838222 819254749 550549443 600747170 793842569 794708927 899863388 710770416 753003996 546148893 623005253 623640011 597837358 898909752 777011562 692428202 777651695 833127013 539519433 609312573 730502914 854988782 574222111 678314706 775517629 703930410 743431823 801498184 712595532 530532712 773699550 612055976 561468593 557203402 553619989 537623919 728414678 624453556 604831604 668152063 732871960 775101715 554290321 836430108
748459819 0 680698302 613258495 554469493 672044754 852199662 778038690 879157850 513080952 889210563 504420418 726502318 629211929 540364869 710128144 743126894 888542087 879189022 596252622 556321379 739224370 765910513 738728328 625826644 647617713 782874721 613950703 706220337 505584975 627637969 678684134 707027958 595396889 696174929 690837201 536448579 862208216 502356202 870341325 691787295 555268826 800186852 618376375 733841220 523823277 848468437 729202973 893840733 696839734
507009072 680698302 0 549459855 658990430 568244394 547356970 591473449 528309222 588670941 541592564 649133084 670261787 648640883 507459786 746004589 863698982 675915221 695028578 503121440 780892695 502109818 753834028 740858361 766735677 527806262 856190558 859641550 513960744 632162833 731431959 790509914 545318564 722323989 513840163 783506750 671585198 513442241 622312673 877749118 792723134 824506044 719571823 865657097 561539722 643554558 541258735 566146167 755576229 880098992
532440221 613258495 549459855 0 846833139 817513016 764853609 557672838 784385688 655202160 829892869 719657834 512134442 842741286 524644624 808277591 701551764 669948270 812252919 562458710 835391764 811988775 823844771 868059609 751991291 648597873 684944704 713027937 803815379 574169131 638239452 823677913 836906891 632831714 638080340 629986268 609798452 850279970 834364873 758157925 576318261 623269121 565949837 885739788 730631880 885890658 752585845 586740158 638257144 813908263
542889016 554469493 658990430 846833139 0 668222609 773480470 856965831 653085356 514110981 896102650 513337668 875970359 836641334 714801310 862154343 740589857 751297611 579248824 831083509 601851340 794954437 685792789 596543021 530656388 845746438 747219007 741911301 874561007 875028916 587728403 806025216 837999370 613082530 820849466 558092366 791686291 582840907 723825901 545979836 517391861 751789064 722072421 505092477 552381538 784997041 726737145 796650496 822611030 789608318
565508171 672044754 568244394 817513016 668222609 0 676523722 700677372 736532805 603319347 780034315 551834498 592143230 578123829 824927645 735610853 527255942 818559945 571247056 511488214 781922948 792508199 618818111 860343319 621886645 741163300 844313185 520952336 593374496 700584981 571545964 702189273 672649634 522593369 735121599 769123274 636034173 725983681 830120355 802507125 675283145 532266880 571840177 870531569 598341054 548537294 713988464 538046938 567102138 523496601
540838222 852199662 547356970 764853609 773480470 676523722 0 711769120 846932030 603598499 606906751 874862061 740638236 895583299 514137615 595239803 717753225 847390800 840340763 850181610 731580490 600005217 560881061 518235739 586127921 565145277 595852196 827706209 541576066 563142025 891044734 514750189 866970215 747805795 750218711 577742821 719575804 656174085 663326563 561302753 807392499 892378119 565039995 651783688 874505269 819740936 597098065 670298731 630021964 783109271
819254749 778038690 591473449 557672838 856965831 700677372 711769120 0 702360729 689620693 568566628 862541940 684909048 721629490 729201719 574171105 704164734 716855579 814916546 686038297 720092588 663727217 614438720 769911428 612056959 601051163 589795726 649205074 712127305 574193681 735943645 791892817 751380409 607965043 801671686 624959449 653890294 505520161 888328237 735389634 655187754 877582612 847858549 608076919 0 798956498 855231939 621035148 689587327 528494586
550549443 879157850 528309222 784385688 653085356 736532805 846932030 702360729 0 698104955 714915188 631885639 817333890 578578321 615186874 876965165 612787915 763817333 560410397 870399346 716016269 689222732 607272036 806565676 633632115 618901101 710366378 593134408 765963940 807711754 785575495 527929652 678811641 828162973 692102573 506250992 860273037 602736884 623705750 872913240 782463951 609891210 671665313 863324065 548352512 822881222 518855775 592983388 768795560 887967416
600747170 513080952 588670941 655202160 514110981 603319347 603598499 689620693 698104955 0 659281157 788442330 507053750 789151225 874925144 714851696 831742770 616342188 552162153 687200884 588966431 642340550 625718168 752311446 734274592 860288994 815906163 875695662 744423814 606390969 832671341 595851977 679402552 743547697 528658148 892716083 586764638 631035358 548957483 833687923 807791239 654150018 519998453 639876770 876208702 803786538 515020699 610127210 789482492 804092841
793842569 889210563 541592564 829892869 896102650 780034315 606906751 568566628 714915188 659281157 0 883843997 619309833 746069084 895344313 721933134 778950967 796790242 567845904 758770834 757251924 803586568 823608500 531881481 862326402 539371088 527750344 788402634 735964286 623570159 708703214 870292789 851145837 701723100 852906188 808795499 551407496 623043964 864631372 752556796 595796665 885785228 886686293 873463873 583741712 837762079 683611633 559551120 774256810 536959153
794708927 504420418 649133084 719657834 513337668 551834498 874862061 862541940 631885639 788442330 883843997 0 740677915 576985917 729248475 700930452 523552418 521605103 730932066 798779398 718619005 578789263 719387479 691372381 598067917 743919587 817026799 871875181 750561971 597180402 777440393 783173450 789219202 895374240 714454246 723616745 859688095 604130201 504628111 589978760 546095970 624291624 781310757 831525248 519176097 727965767 660206999 615424271 589708293 820185731
899863388 726502318 670261787 512134442 875970359 592143230 740638236 684909048 817333890 507053750 619309833 740677915 0 540613515 883335867 680566633 696670866 769211838 565035651 696565672 551107341 579014706 590964597 565003952 884064727 589827332 501188729 578819391 720352112 746695203 638044720 719514910 888987025 580661106 802141465 770629574 505517681 598456210 550092774 575186115 748679203 785702352 688915311 866081137 654519140 679843294 675932886 563930259 785319232 781712475
710770416 629211929 648640883 842741286 836641334 578123829 895583299 721629490 578578321 789151225 746069084 576985917 540613515 0 586824093 819836039 734301390 514376132 840659194 602113102 583090546 541183629 518374853 616603126 777145971 568786282 780885195 778174232 554410556 699036633 636372000 502336228 889348732 689072018 767349578 550562620 839263589 811926196 562745015 804537736 822853484 760170537 832320600 629688841 728804054 621708615 716652058 659205081 757695237 633402268
753003996 540364869 507459786 524644624 714801310 824927645 514137615 729201719 615186874 874925144 895344313 729248475 883335867 586824093 0 669368371 773380141 894470546 631467491 711476989 808460745 716440872 860236277 693131700 767943104 794109066 877336133 845065051 652396377 658587311 810617910 641885318 826628056 838402656 853897294 671630923 735052071 669545223 536542918 557556049 766309498 534993823 719983991 558517655 834105555 732207071 806924143 738390578 896044893 844696755
546148893 710128144 746004589 808277591 862154343 735610853 595239803 574171105 876965165 714851696 721933134 700930452 680566633 819836039 669368371 0 591273094 814943086 579671444 574851267 589630178 557275393 881711437 723840333 799276980 641811062 579867829 720570699 696231034 889254717 694113118 703488106 600914136 875752093 723571028 657013443 574313639 827266907 522095525 525845467 514244277 556471841 594423707 611762730 784607415 735927106 841132227 889193960 631406663 652430295
623005253 743126894 863698982 701551764 740589857 527255942 717753225 704164734 612787915 831742770 778950967 523552418 696670866 734301390 773380141 591273094 0 766887963 720839763 898447945 775187282 817138325 734264538 637345745 603299279 719919981 530368978 648541544 597697846 567887543 586949874 754946236 700016403 533389557 792295823 655359253 863106209 617580584 741128811 760183907 762225667 816003567 891945488 535314028 643770565 639098173 599482730 844055548 797050675 872169047
623640011 888542087 675915221 669948270 751297611 818559945 847390800 716855579 763817333 616342188 796790242 521605103 769211838 514376132 894470546 814943086 766887963 0 755294144 590515060 637432327 585971976 833021328 789888264 782641885 831407555 514609797 845001979 815204380 645428598 848376722 557467597 502693241 677327834 613323358 658791683 743190209 867623184 512531717 838191638 651905325 892098205 674420922 892819385 638067382 717226472 754638702 849815432 625319926 700035148
597837358 879189022 695028578 812252919 579248824 571247056 840340763 814916546 560410397 552162153 567845904 730932066 565035651 840659194 631467491 579671444 720839763 755294144 0 897392200 751043386 632078675 829703686 873047428 558086476 541417286 838657218 502080629 686562601 608810910 546674668 627883282 610983649 574304873 602294475 607406368 825665592 544910340 817134266 757607655 575749518 599852068 708175333 575567612 712139108 761015548 585450872 753950297 728042321 648492291
898909752 596252622 503121440 562458710 831083509 511488214 850181610 686038297 870399346 687200884 758770834 798779398 696565672 602113102 711476989 574851267 898447945 590515060 897392200 0 643540380 643912541 842207476 850260367 595182297 708999842 897217612 702605996 826284981 785151697 627614098 850652312 882664938 553258542 869472736 845321345 666960243 851100470 680703639 672108966 782581763 721795233 786777002 683595706 732124903 830410791 791394706 694638239 626006283 868477663
777011562 556321379 780892695 835391764 601851340 781922948 731580490 720092588 716016269 588966431 757251924 718619005 551107341 583090546 808460745 589630178 775187282 637432327 751043386 643540380 0 547582961 890137422 672981109 891048699 859516051 839904172 823840975 544172555 674602810 618231142 636012944 709530545 524042150 717930420 784604762 815800513 853565995 628375419 519973970 526213766 642677895 839026440 723085445 568102602 505690198 791535369 555686741 712513999 790754014
692428202 739224370 502109818 811988775 794954437 792508199 600005217 663727217 689222732 642340550 803586568 578789263 579014706 541183629 716440872 557275393 817138325 585971976 632078675 643912541 547582961 0 589849732 558835964 738760577 872829729 539385293 865664555 539516458 603873659 805852704 685692865 735935756 590511534 603556257 705276665 710847325 828427789 867446981 508643496 842679794 629893395 552742593 677991365 838756978 598176563 570948635 826142187 668058871 772945155
777651695 765910513 753834028 823844771 685792789 618818111 560881061 614438720 607272036 625718168 823608500 719387479 590964597 518374853 860236277 881711437 734264538 833021328 829703686 842207476 890137422 589849732 0 624993284 565573682 502035185 627160336 664977622 596013926 612740564 707976586 626589956 500820600 729920815 585254763 600814055 721284979 529026406 883218692 845021161 627593061 545663624 502211658 528263303 717265310 776691415 707907193 516822391 768427995 568980005
833127013 738728328 740858361 868059609 596543021 860343319 518235739 769911428 806565676 752311446 531881481 691372381 565003952 616603126 693131700 723840333 637345745 789888264 873047428 850260367 672981109 558835964 624993284 0 667994868 793295275 585219724 611794107 525745340 702887376 546735483 810395482 870276814 809172802 849477366 654420743 647551314 545281203 693933818 598412031 844544077 659994017 648206366 601512425 513047224 656975291 536732765 763155496 776905594 521764797
539519433 625826644 766735677 751991291 530656388 621886645 586127921 612056959 633632115 734274592 862326402 598067917 884064727 777145971 767943104 799276980 603299279 782641885 558086476 595182297 891048699 738760577 565573682 667994868 0 874101946 610512336 767959929 660196664 876759790 713464618 807651044 754670399 745691988 698530712 558155838 753066364 799697610 665308552 897491980 508350886 689817224 725010549 891559911 633841938 795520864 631674531 892223578 765247911 706610542
609312573 647617713 527806262 648597873 845746438 741163300 565145277 601051163 618901101 860288994 539371088 743919587 589827332 568786282 794109066 641811062 719919981 831407555 541417286 708999842 859516051 872829729 502035185 793295275 874101946 0 771822304 551467813 582997794 519534331 546128120 880641817 818879770 515228363 597572611 769000187 734651974 835225269 547572494 815801764 534759365 748736476 523844515 879472354 523110042 765457543 602383218 791839034 711282867 510316192
730502914 782874721 856190558 684944704 747219007 844313185 595852196 589795726 710366378 815906163 527750344 817026799 501188729 780885195 877336133 579867829 530368978 514609797 838657218 897217612 839904172 539385293 627160336 585219724 610512336 771822304 0 562198785 647836261 879755278 744009328 720174965 865913147 672136814 877138932 741280412 777430029 840165372 769830293 821915280 560870468 543670291 529367446 818657149 704609863 621870934 860579747 574934715 630386541 648781810
854988782 613950703 859641550 713027937 741911301 520952336 827706209 649205074 593134408 875695662 788402634 871875181 578819391 778174232 845065051 720570699 648541544 845001979 502080629 702605996 823840975 865664555 664977622 611794107 767959929 551467813 562198785 0 868812551 851358782 597860293 598362303 554345776 808822147 641548873 746221057 800175920 554322361 597324614 668002413 852880219 709916327 752002313 649896201 888502471 735103208 830940643 501494180 656742129 815308426
574222111 706220337 513960744 803815379 874561007 593374496 541576066 712127305 765963940 744423814 735964286 750561971 720352112 554410556 652396377 696231034 597697846 815204380 686562601 826284981 544172555 539516458 596013926 525745340 660196664 582997794 647836261 868812551 0 853574187 840997069 624311033 585831752 749298572 897264144 706882487 510509908 722482035 778947596 658285303 619703317 855346304 855213413 545586467 802151793 736436448 767526204 739947262 680351778 519807248
678314706 505584975 632162833 574169131 875028916 700584981 563142025 574193681 807711754 606390969 623570159 597180402 746695203 699036633 658587311 889254717 567887543 645428598 608810910 785151697 674602810 603873659 612740564 702887376 876759790 519534331 879755278 851358782 853574187 0 636575466 894593161 651866294 565505967 612762722 761876663 863532297 848361448 811361067 639356352 518479984 785521044 621194122 542981712 538352341 721786857 508499186 881182368 843159140 659346078
775517629 627637969 731431959 638239452 587728403 571545964 891044734 735943645 785575495 832671341 708703214 777440393 638044720 636372000 810617910 694113118 586949874 848376722 546674668 627614098 618231142 805852704 707976586 546735483 713464618 546128120 744009328 597860293 840997069 636575466 0 887870336 656812971 665059701 661242218 775592010 819024655 560445738 547175074 688890740 842183042 856055386 555460577 623588515 672405516 776973702 702022009 835167893 832532930 782272353
703930410 678684134 790509914 823677913 806025216 702189273 514750189 791892817 527929652 595851977 870292789 783173450 719514910 502336228 641885318 703488106 754946236 557467597 627883282 850652312 636012944 685692865 626589956 810395482 807651044 880641817 720174965 598362303 624311033 894593161 887870336 0 757015021 798050991 592193325 620138183 799864298 723291355 519783057 524873921 679891475 581923067 594015142 793985960 501538737 583357790 882806484 828012078 784900480 582638283
743431823 707027958 545318564 836906891 837999370 672649634 866970215 751380409 678811641 679402552 851145837 789219202 888987025 889348732 826628056 600914136 700016403 502693241 610983649 882664938 709530545 735935756 500820600 870276814 754670399 818879770 865913147 554345776 585831752 651866294 656812971 757015021 0 552208053 627461553 801946246 694695976 790297139 668653299 695978911 553113034 726059098 642627535 894498611 553840642 532660513 862428642 592515754 867336979 746890407
801498184 595396889 722323989 632831714 613082530 522593369 747805795 607965043 828162973 743547697 701723100 895374240 580661106 689072018 838402656 875752093 533389557 677327834 574304873 553258542 524042150 590511534 729920815 809172802 745691988 515228363 672136814 808822147 749298572 565505967 665059701 798050991 552208053 0 599433195 794260334 893649427 706215476 587979390 694622830 660041224 670647232 876044010 898583070 874400923 799196379 691169443 886239849 557117676 781120235
712595532 696174929 513840163 638080340 820849466 735121599 750218711 801671686 692102573 528658148 852906188 714454246 802141465 767349578 853897294 723571028 792295823 613323358 602294475 869472736 717930420 603556257 585254763 849477366 698530712 597572611 877138932 641548873 897264144 612762722 661242218 592193325 627461553 599433195 0 718320659 506786397 587178842 524181720 667164190 621051186 647225986 742743647 517328652 507363097 704169596 656726246 784491072 690497123 734174285
530532712 690837201 783506750 629986268 558092366 769123274 577742821 624959449 506250992 892716083 808795499 723616745 770629574 550562620 671630923 657013443 655359253 658791683 607406368 845321345 784604762 705276665 600814055 654420743 558155838 769000187 741280412 746221057 706882487 761876663 775592010 620138183 801946246 794260334 718320659 0 807928069 863857496 832208208 545031636 831384771 768396192 644319947 882719224 669713724 877266329 796807099 696736082 526959542 848586058
773699550 536448579 671585198 609798452 791686291 636034173 719575804 653890294 860273037 586764638 551407496 859688095 505517681 839263589 735052071 574313639 863106209 743190209 825665592 666960243 815800513 710847325 721284979 647551314 753066364 734651974 777430029 800175920 510509908 863532297 819024655 799864298 694695976 893649427 506786397 807928069 0 887784616 793029221 897924886 679813203 597528628 804554234 745146122 645514785 868067724 822758836 566300107 688943542 559525050
612055976 862208216 513442241 850279970 582840907 725983681 656174085 505520161 602736884 631035358 623043964 604130201 598456210 811926196 669545223 827266907 617580584 867623184 544910340 851100470 853565995 828427789 529026406 545281203 799697610 835225269 840165372 554322361 722482035 848361448 560445738 723291355 790297139 706215476 587178842 863857496 887784616 0 607537857 691973680 667998352 568354796 566277459 721772451 842017929 768774491 679776191 859130699 849023620 885631943
561468593 502356202 622312673 834364873 723825901 830120355 663326563 888328237 623705750 548957483 864631372 504628111 550092774 562745015 536542918 522095525 741128811 512531717 817134266 680703639 628375419 867446981 883218692 693933818 665308552 547572494 769830293 597324614 778947596 811361067 547175074 519783057 668653299 587979390 524181720 832208208 793029221 607537857 0 551364305 610987626 760573802 878320681 819769126 501109569 811029597 781457214 726072677 661628834 770162603
557203402 870341325 877749118 758157925 545979836 802507125 561302753 735389634 872913240 833687923 752556796 589978760 575186115 804537736 557556049 525845467 760183907 838191638 757607655 672108966 519973970 508643496 845021161 598412031 897491980 815801764 821915280 668002413 658285303 639356352 688890740 524873921 695978911 694622830 667164190 545031636 897924886 691973680 551364305 0 728747342 850146679 796895249 613164163 775812780 584625661 736471559 683926290 599396638 895019639
553619989 691787295 792723134 576318261 517391861 675283145 807392499 655187754 782463951 807791239 595796665 546095970 748679203 822853484 766309498 514244277 762225667 651905325 575749518 782581763 526213766 842679794 627593061 844544077 508350886 534759365 560870468 852880219 619703317 518479984 842183042 679891475 553113034 660041224 621051186 831384771 679813203 667998352 610987626 728747342 0 563646475 621491668 705278335 735041103 713329259 806853111 720490252 705337424 537722232
537623919 555268826 824506044 623269121 751789064 532266880 892378119 877582612 609891210 654150018 885785228 624291624 785702352 760170537 534993823 556471841 816003567 892098205 599852068 721795233 642677895 629893395 545663624 659994017 689817224 748736476 543670291 709916327 855346304 785521044 856055386 581923067 726059098 670647232 647225986 768396192 597528628 568354796 760573802 850146679 563646475 0 793777509 571321532 600275297 847095816 658728487 711824830 829514835 502682350
728414678 800186852 719571823 565949837 722072421 571840177 565039995 847858549 671665313 519998453 886686293 781310757 688915311 832320600 719983991 594423707 891945488 674420922 708175333 786777002 839026440 552742593 502211658 648206366 725010549 523844515 529367446 752002313 855213413 621194122 555460577 594015142 642627535 876044010 742743647 644319947 804554234 566277459 878320681 796895249 621491668 793777509 0 624040470 579557836 852262178 860610027 839682142 679116974 614985383
624453556 618376375 865657097 885739788 505092477 870531569 651783688 608076919 863324065 639876770 873463873 831525248 866081137 629688841 558517655 611762730 535314028 892819385 575567612 683595706 723085445 677991365 528263303 601512425 891559911 879472354 818657149 649896201 545586467 542981712 623588515 793985960 894498611 898583070 517328652 882719224 745146122 721772451 819769126 613164163 705278335 571321532 624040470 0 727770844 612837352 507762083 599755881 838006215 882599866
604831604 733841220 561539722 730631880 552381538 598341054 874505269 0 548352512 876208702 583741712 519176097 654519140 728804054 834105555 784607415 643770565 638067382 712139108 732124903 568102602 838756978 717265310 513047224 633841938 523110042 704609863 888502471 802151793 538352341 672405516 501538737 553840642 874400923 507363097 669713724 645514785 842017929 501109569 775812780 735041103 600275297 579557836 727770844 0 521230397 891936216 621010630 868745803 826158907
668152063 523823277 643554558 885890658 784997041 548537294 819740936 798956498 822881222 803786538 837762079 727965767 679843294 621708615 732207071 735927106 639098173 717226472 761015548 830410791 505690198 598176563 776691415 656975291 795520864 765457543 621870934 735103208 736436448 721786857 776973702 583357790 532660513 799196379 704169596 877266329 868067724 768774491 811029597 584625661 713329259 847095816 852262178 612837352 521230397 0 887254156 622083865 821355954 575023339
732871960 848468437 541258735 752585845 726737145 713988464 597098065 855231939 518855775 515020699 683611633 660206999 675932886 716652058 806924143 841132227 599482730 754638702 585450872 791394706 791535369 570948635 707907193 536732765 631674531 602383218 860579747 830940643 767526204 508499186 702022009 882806484 862428642 691169443 656726246 796807099 822758836 679776191 781457214 736471559 806853111 658728487 860610027 507762083 891936216 887254156 0 885967906 786845176 772053364
775101715 729202973 566146167 586740158 796650496 538046938 670298731 621035148 592983388 610127210 559551120 615424271 563930259 659205081 738390578 889193960 844055548 849815432 753950297 694638239 555686741 826142187 516822391 763155496 892223578 791839034 574934715 501494180 739947262 881182368 835167893 828012078 592515754 886239849 784491072 696736082 566300107 859130699 726072677 683926290 720490252 711824830 839682142 599755881 621010630 622083865 885967906 0 569053670 609583921
554290321 893840733 755576229 638257144 822611030 567102138 630021964 689587327 768795560 789482492 774256810 589708293 785319232 757695237 896044893 631406663 797050675 625319926 728042321 626006283 712513999 668058871 768427995 776905594 765247911 711282867 630386541 656742129 680351778 843159140 832532930 784900480 867336979 557117676 690497123 526959542 688943542 849023620 661628834 599396638 705337424 829514835 679116974 838006215 868745803 821355954 786845176 569053670 0 762852535
836430108 696839734 880098992 813908263 789608318 523496601 783109271 528494586 887967416 804092841 536959153 820185731 781712475 633402268 844696755 652430295 872169047 700035148 648492291 868477663 790754014 772945155 568980005 521764797 706610542 510316192 648781810 815308426 519807248 659346078 782272353 582638283 746890407 781120235 734174285 848586058 559525050 885631943 770162603 895019639 537722232 502682350 614985383 882599866 826158907 575023339 772053364 609583921 762852535 0
0 647073363 891981944 869889746 861069910 836585399 863391817 580654441 853245821 794300839 602748593 601279435 500130025 691981231 641106611 857589839 771305811 767878712 799513343 500849159 622268737 709035691 620898019 565664794 865622968 783446270 666584092 545043823 827850971 720962983 622363459 699997711 651015445 596311395 687746569 870460658 625897610 780096895 840900199 845498220 849016366 867100037 666778043 765400647 785474792 727656553 662817777 623004179 848887792 565644047
647073363 0 717406936 776641821 848124421 724542819 545306859 620918967 521356815 888500887 508051553 894879196 669081072 760398150 864017095 692759188 653018342 509151058 521222991 802321447 845735843 655512635 634576402 655729963 764479281 742723248 615035165 776164073 697595633 892688153 761067631 720738291 695952287 805831862 707123094 711831835 868077853 538362355 896951316 529897359 709806300 847540880 596697109 775270607 661418687 878273049 549631244 666628513 504807355 706555467
891981944 717406936 0 853957745 733910420 833301758 856809436 809769022 872410542 813569198 861565082 738369383 725074288 739925969 890751382 648708599 535488324 722930711 707577679 893379278 618210152 897025429 640978074 653697589 632826585 874487932 543566162 541374022 887120874 756864076 663831742 608126765 859674702 672163448 887128228 612921829 724936585 887888494 768483154 521864185 603772982 575073637 679593505 535163008 840903142 746978167 861663907 835596949 637991195 519754010
869889746 776641821 853957745 0 551975186 581998487 635808694 844880253 612929385 736123760 573933483 678898814 888707727 555955098 874632869 589401060 702097973 726083459 586843853 840076034 564497507 587322299 574450027 533407099 643380272 742127756 715074374 689041025 593894384 828986891 750210541 575611962 563739881 755670032 748469659 757972321 782223473 549058405 567025348 637740169 825360112 768188047 835687813 512283278 664267186 512422618 641181616 816187164 748928652 586226627
861069910 848124421 733910420 551975186 0 727337870 622823867 543117827 737748099 886515471 502718658 887172639 524265281 563598066 687774904 539640993 655339930 643694003 823088625 570260568 793045940 600888400 712830591 803568331 871961794 552457128 647666722 652705046 526380489 525106339 814992679 593143983 563027464 777406754 578453716 844627783 607519523 821360227 669875733 857846714 883536521 643504674 672492168 893179027 850103167 610925449 668624807 601086477 578151638 610210954
836585399 724542819 833301758 581998487 727337870 0 721938092 702985577 656169789 788323031 618926446 851018929 808855075 825091589 576773763 658073504 873981741 581450796 831157428 888669679 616566851 604959596 773715242 538719949 770607817 652634720 554951150 880742812 807075466 702707245 830405015 700007067 723331475 880340545 658598968 629273853 754442658 669112481 571778355 595760314 722718442 869673197 830835751 528667254 798586391 855136138 688348095 866818713 834635647 877690657
863391817 545306859 856809436 635808694 622823867 721938092 0 691456878 551458632 787390822 784698039 525622831 655232541 502707053 886680051 806826670 683827257 550143258 557297078 547392075 663411268 794203183 840839487 883398076 816310906 837630710 804664789 572705535 862549817 839035144 507776393 885068238 533978804 647384131 644624609 825609949 679786656 735898691 731821442 840374812 591769368 503857934 838138438 740061335 526328134 580270279 801725490 725345063 757712479 613964856
580654441 620918967 809769022 844880253 543117827 702985577 691456878 0 701076317 711973466 833191160 536886704 715694014 673753648 667953130 828095701 699455910 683857919 585255331 713396287 677494679 731253199 776224948 628676860 780012088 791923303 812532417 739262319 689809706 829015152 656415823 606076843 643639221 782498614 595994768 767140050 736995340 892901213 510103176 659256994 736427636 522245730 549835572 783578657 0 597934113 544583533 772567933 711975523 872280201
853245821 521356815 872410542 612929385 737748099 656169789 551458632 701076317 0 704533994 686336962 755762525 582651841 825048202 776007322 524659224 778563005 634651700 841095503 528665611 687073325 712005377 783698160 592747030 754963177 774781857 693279080 807826869 633887452 591169945 610671191 873752505 719049976 573162141 709304585 892532337 540184659 789365360 767202751 527362088 616133029 781784302 724552337 537607056 855334539 576098054 882818725 809756054 631757845 510968926
794300839 888500887 813569198 736123760 886515471 788323031 787390822 711973466 704533994 0 733591574 610107336 892445014 609434089 525531060 686700752 569054087 775627876 851280239 712592657 813533618 746513034 764824202 642162617 660433865 539965027 584018444 524641778 649975875 785504360 566130386 804743825 719906449 651378033 872151879 504178903 815837502 757696530 853938640 565647942 590684309 737478161 880958308 747990847 524214406 594555222 884809029 782054574 609003073 594300882
602748593 508051553 861565082 573933483 502718658 618926446 784698039 833191160 686336962 733591574 0 515669122 773687371 648230230 503129008 673868012 617616779 600108444 833855428 637562070 639592940 595148591 576023371 869435465 537897519 866685092 873397319 609315390 656355288 767511633 693426902 530310825 545664311 700234805 545694837 588900309 852150137 768309492 535922434 641604997 806732803 512263768 511834951 526627269 820723092 562119902 715422310 841162171 625241242 867271173
601279435 894879196 738369383 678898814 887172639 851018929 525622831 536886704 755762525 610107336 515669122 0 653489608 825511449 664694101 702409885 877765937 880615651 663930590 598494220 681922072 824187861 680621870 709822087 799493065 650979722 584004943 530764850 645366430 801334572 621708885 613836520 608812546 503081139 687122338 670028595 540498438 786841108 893025392 811453752 857685783 766932844 617555366 569175041 883111886 668470177 732119675 775600885 812576410 579981667
500130025 669081072 725074288 888707727 524265281 808855075 655232541 715694014 582651841 892445014 773687371 653489608 0 863356215 514548279 717484235 704570242 630050441 837144261 706500591 852494713 825864842 810767876 837658894 514153172 811554811 898860661 822856420 675816341 649397997 748436317 681014789 509159248 821641444 595871595 629166280 893256489 798458992 854765228 826706009 646257567 610265611 713397337 534337907 736523808 718678215 723301597 838367270 610876194 616612405
691981231 760398150 739925969 555955098 563598066 825091589 502707053 673753648 825048202 609434089 648230230 825511449 863356215 0 815704705 579122574 659790826 885730944 556879091 791800020 818604180 863001848 883303300 775471465 621527896 833030342 618355436 620514054 846857158 703678249 753251363 896354806 508874632 712482786 632305356 852954487 558880212 586873575 838660707 594014611 576929902 637446421 568900622 759248297 667818814 769365771 685654995 733563006 637679602 754747333
641106611 864017095 890751382 874632869 687774904 576773763 886680051 667953130 776007322 525531060 503129008 664694101 514548279 815704705 0 726350776 627287021 503321375 756430943 691654414 589941463 685927445 540959517 708725851 631807557 602155087 523453099 553457741 737869426 735709052 588271139 746126864 573565923 561205586 544668900 724889668 659584472 727214964 867437033 846136830 633882994 868898826 678144984 843455787 567576659 663328107 592142717 655795444 502308931 555326207
857589839 692759188 648708599 589401060 539640993 658073504 806826670 828095701 524659224 686700752 673868012 702409885 717484235 579122574 726350776 0 810138667 585940818 822262996 827082261 812642747 845480710 518303446 669583907 597733115 747763223 824447221 675544931 706904891 508594753 708009657 699806327 792080169 524233615 670223172 734708518 828081459 572426830 879576404 874202934 886439160 846748152 808387618 780913056 611067178 657805718 556528077 509343874 757540023 737581377
771305811 653018342 535488324 702097973 655339930 873981741 683827257 699455910 778563005 569054087 617616779 877765937 704570242 659790826 627287021 810138667 0 632680336 675185601 501141881 624174433 583254405 662723869 752581139 796823676 679511735 871972997 740222325 799659533 833361150 815559970 640970490 702812553 869127519 605053447 735252515 538351616 774864033 653415483 637457833 636290226 584017940 505358264 868596087 745059384 748047500 796758753 554727731 599740812 527520894
767878712 509151058 722930711 726083459 643694003 581450796 550143258 683857919 634651700 775627876 600108444 880615651 630050441 885730944 503321375 585940818 632680336 0 639492678 810240873 750531261 816515522 568455538 608634417 614115247 570221389 885360800 554533618 585623097 744165413 550163476 844944585 895502523 721829151 776753407 733846033 651547091 533573678 888464300 560568442 738044856 505394593 723052859 505125982 749155311 683489199 639909528 548387032 765350802 703459254
799513343 521222991 707577679 586843853 823088625 831157428 557297078 585255331 841095503 851280239 833855428 663930590 837144261 556879091 756430943 822262996 675185601 639492678 0 502099953 643737785 756401192 571876908 527149243 843536257 862416049 561355081 897852063 713660365 782376264 856302130 760933080 781485674 828285644 790793331 783951797 574109112 860963381 584397331 637727066 823730240 796897816 692301521 826135620 690473033 637184566 816816161 639961095 668808629 742443349
500849159 802321447 893379278 840076034 570260568 888669679 547392075 713396287 528665611 712592657 637562070 598494220 706500591 791800020 691654414 827082261 501141881 810240873 502099953 0 745846603 744617401 556346925 547466490 807018736 693392559 502287616 699999682 574061837 611359053 760890815 545738521 515951284 849216416 531531295 554440288 729166504 546497019 716124539 723827946 616279992 672599068 610229227 715486895 663327813 571687515 608183401 708398338 764644335 532582689
622268737 845735843 618210152 564497507 793045940 616566851 663411268 677494679 687073325 813533618 639592940 681922072 852494713 818604180 589941463 812642747 624174433 750531261 643737785 745846603 0 856294747 506991653 722672933 506661574 542203631 558339689 575126868 860744564 722513735 773808206 754043349 693078103 876740882 683806388 612201590 584547102 545262071 760659184 880920692 874524425 746665528 560431157 670768618 834693691 892662399 607467573 850864853 689163964 608020606
709035691 655512635 897025429 587322299 600888400 604959596 794203183 731253199 712005377 746513034 595148591 824187861 825864842 863001848 685927445 845480710 583254405 816515522 756401192 744617401 856294747 0 811079344 841488725 655691363 527440884 864086703 534918683 865276160 786517498 593523764 713821705 656528079 810474452 787774206 699406238 694705717 572697046 533962714 888824164 555962571 758897519 849803651 720990601 560162747 799005242 831485336 574434669 728775600 627607557
620898019 634576402 640978074 574450027 712830591 773715242 840839487 776224948 783698160 764824202 576023371 680621870 810767876 883303300 540959517 518303446 662723869 568455538 571876908 556346925 506991653 811079344 0 765396203 836013310 897200539 763482116 730248940 802600715 779618844 694556473 763888098 899307848 665021750 816987540 794746695 674119890 871162788 515417581 553567685 762740397 858230315 896670313 872350022 682273966 622698057 695716310 883775541 631068469 832796227
565664794 655729963 653697589 533407099 803568331 538719949 883398076 628676860 592747030 642162617 869435465 709822087 837658894 775471465 708725851 669583907 752581139 608634417 527149243 547466490 722672933 841488725 765396203 0 729153629 603411827 817149377 780257748 874463705 699553295 857510161 588693378 530561913 588386021 549339121 736756071 742733100 860645322 708631552 798293806 553749348 733347835 740091266 788327401 887926743 734693689 867420430 634795303 621710413 880587914
865622968 764479281 632826585 643380272 871961794 770607817 816310906 780012088 754963177 660433865 537897519 799493065 514153172 621527896 631807557 597733115 796823676 614115247 843536257 807018736 506661574 655691363 836013310 729153629 0 526986395 781691107 631618356 732011526 524006732 689147218 591304004 640041603 650358904 703977219 844249726 642062521 597561578 730234296 501198190 889449822 710854704 669351817 505832936 753549562 600937839 757470614 504995292 634459750 697292826
783446270 742723248 874487932 742127756 552457128 652634720 837630710 791923303 774781857 539965027 866685092 650979722 811554811 833030342 602155087 747763223 679511735 570221389 862416049 693392559 542203631 527440884 897200539 603411827 526986395 0 628431072 851571734 821293798 882091196 859535564 518904675 581199725 884562729 800738287 629442579 660379888 563791365 856129441 584304121 868988814 645445529 875898197 520666801 879515951 634164828 788623287 607002404 691816357 888869712
666584092 615035165 543566162 715074374 647666722 554951150 804664789 812532417 693279080 584018444 873397319 584004943 898860661 618355436 523453099 824447221 871972997 885360800 561355081 502287616 558339689 864086703 763482116 817149377 781691107 628431072 0 839674844 742670373 519747066 650526683 676483365 534296964 724444459 523668039 653994672 621451220 557944675 629287630 578077415 840085989 860854034 870308953 581283253 698925978 772068725 539327977 826880061 758920191 739616678
545043823 776164073 541374022 689041025 652705046 880742812 572705535 739262319 807826869 524641778 609315390 530764850 822856420 620514054 553457741 675544931 740222325 554533618 897852063 699999682 575126868 534918683 730248940 780257748 631618356 851571734 839674844 0 531245647 546956765 799260671 798867025 847226886 588583424 747499813 648301555 596842759 849006891 800779802 729067606 546277194 692901076 642833024 738655289 509983570 661116332 571272450 899008817 734957464 586752027
827850971 697595633 887120874 593894384 526380489 807075466 862549817 689809706 633887452 649975875 656355288 645366430 675816341 846857158 737869426 706904891 799659533 585623097 713660365 574061837 860744564 865276160 802600715 874463705 732011526 821293798 742670373 531245647 0 545074267 557817779 766531269 816464044 646574885 502197398 696883139 888857347 671209672 620094408 734653624 773683986 544522458 545254334 857893617 595498698 656158108 633693494 655408707 719951172 881595719
720962983 892688153 756864076 828986891 525106339 702707245 839035144 829015152 591169945 785504360 767511633 801334572 649397997 703678249 735709052 508594753 833361150 744165413 782376264 611359053 722513735 786517498 779618844 699553295 524006732 882091196 519747066 546956765 545074267 0 752604003 503192696 739157491 836588823 779049812 637227925 536529493 550625409 587855903 748365454 883123975 610827737 772057755 860889987 865921687 673630020 889375764 518552929 553884586 733415599
622363459 761067631 663831742 750210541 814992679 830405015 507776393 656415823 610671191 566130386 693426902 621708885 748436317 753251363 588271139 708009657 815559970 550163476 856302130 760890815 773808206 593523764 694556473 857510161 689147218 859535564 650526683 799260671 557817779 752604003 0 510708168 734882385 729326232 732817879 627247062 580448155 841137415 857533047 712542762 555991360 543177784 846798494 767970172 723347574 622089978 700916020 565265273 568370364 615796746
