15
0.744306095938 0.233497040248 -0.050193038946 0.016841797331 -0.061548954460 -0.097236483239 0.037937703810 -0.141417720068 -0.171855924537 0.152383216086 0.108129213333 0.262319419733 0.044100132084 0.048110606099 -0.081505328753
0.233497040248 0.666485407857 0.216143898524 -0.020332286922 -0.157459911444 0.058988298758 -0.284800140532 -0.007571084633 -0.033092709102 0.015518827267 0.087138092239 -0.020987072784 -0.015249436668 0.056808235580 -0.111415175812
-0.050193038946 0.216143898524 0.653020066784 -0.077168843592 0.083351676060 0.268656006901 0.116178468576 -0.170800294416 -0.042645899005 0.254271005764 -0.229131126782 0.029441318122 0.123387776478 -0.087964855097 -0.054682641340
0.016841797331 -0.020332286922 -0.077168843592 0.777386933555 0.140794097197 0.000566998489 -0.052836644368 0.134105168407 0.042789930260 -0.053544328060 0.061872322326 -0.065587551229 -0.026324683552 -0.167811074149 0.008846770218
-0.061548954460 -0.157459911444 0.083351676060 0.140794097197 0.720537503613 0.056969676429 0.001619861813 0.072090810393 0.161281542618 0.016457245440 0.132689350532 0.059991879178 0.094645936583 0.197566783740 -0.138026930676
-0.097236483239 0.058988298758 0.268656006901 0.000566998489 0.056969676429 0.699798059821 -0.118734236494 0.134792093942 -0.088299324446 -0.090105028028 0.143036280207 -0.006512369343 -0.119946595179 -0.112294707099 0.058313283417
0.037937703810 -0.284800140532 0.116178468576 -0.052836644368 0.001619861813 -0.118734236494 0.660184877730 0.085840359565 0.176630455788 -0.002259588585 0.099295455802 -0.067570104695 -0.136018741507 -0.109389207446 -0.216452793597
-0.141417720068 -0.007571084633 -0.170800294416 0.134105168407 0.072090810393 0.134792093942 0.085840359565 0.617694618293 -0.210515818811 -0.030101687438 -0.068402700390 0.055628144894 0.049254299638 0.081915476524 -0.112008598632
-0.171855924537 -0.033092709102 -0.042645899005 0.042789930260 0.161281542618 -0.088299324446 0.176630455788 -0.210515818811 0.585853878105 0.013196608231 0.135148504318 -0.023419384475 -0.070188414597 -0.032786642448 0.023314766208
0.152383216086 0.015518827267 0.254271005764 -0.053544328060 0.016457245440 -0.090105028028 -0.002259588585 -0.030101687438 0.013196608231 0.716298708954 -0.021518430364 -0.193650542268 -0.043566897523 0.091794077346 0.129785563267
0.108129213333 0.087138092239 -0.229131126782 0.061872322326 0.132689350532 0.143036280207 0.099295455802 -0.068402700390 0.135148504318 -0.021518430364 0.760774842237 -0.107472333553 0.099418992241 0.022555221765 0.044515267663
0.262319419733 -0.020987072784 0.029441318122 -0.065587551229 0.059991879178 -0.006512369343 -0.067570104695 0.055628144894 -0.023419384475 -0.193650542268 -0.107472333553 0.565339926106 -0.105067666559 -0.253090618564 0.172668099192
0.044100132084 -0.015249436668 0.123387776478 -0.026324683552 0.094645936583 -0.119946595179 -0.136018741507 0.049254299638 -0.070188414597 -0.043566897523 0.099418992241 -0.105067666559 0.651216158281 -0.124374286824 0.082901260449
0.048110606099 0.056808235580 -0.087964855097 -0.167811074149 0.197566783740 -0.112294707099 -0.109389207446 0.081915476524 -0.032786642448 0.091794077346 0.022555221765 -0.253090618564 -0.124374286824 0.626096962260 0.238148107951
-0.081505328753 -0.111415175812 -0.054682641340 0.008846770218 -0.138026930676 0.058313283417 -0.216452793597 -0.112008598632 0.023314766208 0.129785563267 0.044515267663 0.172668099192 0.082901260449 0.238148107951 0.694371911158
