15
0.567981087711 -0.200289546412 0.177818122464 0.161850956466 0.050161779548 -0.139274063483 0.338929367008 -0.034773327750 -0.256974212791 -0.077230914100 0.007589957596 0.080475384718 0.105758976323 0.317498035173 -0.059214208991
-0.200289546412 0.535289785748 0.117714159069 0.009043043202 -0.012094512034 -0.028209251588 -0.121213451862 -0.269747172080 -0.040252907755 0.155350447466 -0.191967837533 -0.111150852830 -0.188844196468 0.066272546786 0.009087649351
0.177818122464 0.117714159069 0.633999828838 -0.260587903751 -0.014260740982 0.053839121946 -0.210114111878 0.295162269958 0.113352092709 0.156516311456 -0.033119873718 0.078741648611 0.232659423679 0.206003383887 0.060246665718
0.161850956466 0.009043043202 -0.260587903751 0.522130558654 0.075866347714 -0.255677717996 -0.144809817795 0.108414686946 -0.128569790844 -0.188671227253 0.195365854198 -0.160437598855 -0.152398682671 0.064226281326 0.312134024867
0.050161779548 -0.012094512034 -0.014260740982 0.075866347714 0.536727822340 0.168930937551 0.025134230412 -0.111902463961 0.309766892822 -0.060883632991 -0.068429859407 -0.015636143135 -0.118735355279 0.158750317123 0.385109862463
-0.139274063483 -0.028209251588 0.053839121946 -0.255677717996 0.168930937551 0.656039150993 0.158192650347 -0.219471498420 0.195136568390 -0.315524013329 -0.108378698321 -0.141675494760 -0.097766786761 0.077781788941 0.085572905152
0.338929367008 -0.121213451862 -0.210114111878 -0.144809817795 0.025134230412 0.158192650347 0.582307533375 0.164460058144 -0.025824395058 0.062809979080 -0.111564181051 0.377270849123 -0.006122049905 -0.160282956631 0.043768788465
-0.034773327750 -0.269747172080 0.295162269958 0.108414686946 -0.111902463961 -0.219471498420 0.164460058144 0.342311561292 -0.071249287469 -0.075821100957 -0.073996818010 0.017174257757 -0.046552527275 -0.084889661798 0.042863954470
-0.256974212791 -0.040252907755 0.113352092709 -0.128569790844 0.309766892822 0.195136568390 -0.025824395058 -0.071249287469 0.515907375800 0.280120796263 -0.092560433100 -0.048485690359 0.165144786114 -0.144000615553 0.084332176705
-0.077230914100 0.155350447466 0.156516311456 -0.188671227253 -0.060883632991 -0.315524013329 0.062809979080 -0.075821100957 0.280120796263 0.617409995814 -0.189434634804 0.062299582584 -0.180621764162 -0.037816134872 0.249589216631
0.007589957596 -0.191967837533 -0.033119873718 0.195365854198 -0.068429859407 -0.108378698321 -0.111564181051 -0.073996818010 -0.092560433100 -0.189434634804 0.202951717252 0.123687711102 0.196360398963 -0.050422331400 -0.210828030844
0.080475384718 -0.111150852830 0.078741648611 -0.160437598855 -0.015636143135 -0.141675494760 0.377270849123 0.017174257757 -0.048485690359 0.062299582584 0.123687711102 0.437749311915 -0.276433461125 -0.049629823661 0.027514350852
0.105758976323 -0.188844196468 0.232659423679 -0.152398682671 -0.118735355279 -0.097766786761 -0.006122049905 -0.046552527275 0.165144786114 -0.180621764162 0.196360398963 -0.276433461125 0.601762763094 -0.083096749670 0.037275191992
0.317498035173 0.066272546786 0.206003383887 0.064226281326 0.158750317123 0.077781788941 -0.160282956631 -0.084889661798 -0.144000615553 -0.037816134872 -0.050422331400 -0.049629823661 -0.083096749670 0.600306682659 0.008765425620
-0.059214208991 0.009087649351 0.060246665718 0.312134024867 0.385109862463 0.085572905152 0.043768788465 0.042863954470 0.084332176705 0.249589216631 -0.210828030844 0.027514350852 0.037275191992 0.008765425620 0.526126709985
