50
0 55502156 54597852 66692220 63470861 60385272 69010391 54640624 80567961 56379361 52317629 79932549 68823555 67066036 86853029 70637137 57570348 77397332 77794334 52377488 74046276 71191641 67596312 63891325 83932516 85582358 72889057 55089329 84495100 89137590 65081815 63211012 67054530 57140668 66780759 58726313 89263231 63743805 70048610 68129072 51305629 73337256 54696877 63243460 70084631 63987571 85190261 80653987 89121147 81855522
55502156 0 67790753 64249390 68537921 89904331 76069657 57082662 50901442 89475750 57529311 65080396 61234670 77069193 74065315 62436383 68958861 77667355 56525385 79841850 86088131 70309597 64690087 70258721 67823924 81700221 64918955 71628625 65592820 61615990 80240112 62588839 76186133 84402393 77606383 57537004 85320064 54574222 62545390 53427786 76383543 53489087 71797302 50670270 71525450 58903285 57135269 85661668 60181976 65394028
54597852 67790753 0 69952513 88611769 54088323 59179049 64368059 85267364 67401719 88296975 66811768 81712279 82190606 79676576 57619014 55000308 79719865 79757282 75936433 51027220 55417543 56235788 88977305 59009413 53661331 58753075 68113988 61230060 60268534 50664768 60447157 82828115 74766752 65701223 77243417 50145361 82085163 87138715 65741476 71976529 51965379 69139230 75071058 69287049 56048705 77661712 65244028 74971764 52150238
66692220 64249390 69952513 0 52362659 65386015 60857978 87159984 86073281 85343879 54276871 82933979 60362040 79767628 89083226 89978320 78599462 70425159 50459971 76986426 68490598 87044540 85454712 88518963 56900554 50631584 68833720 79736662 78467591 77591160 79861965 70706874 60061607 52576990 65577614 50755887 72007488 62436394 56967653 65581293 55952395 52944565 77437775 85382674 69197532 82905235 84976907 69495040 50658499 58955308
63470861 68537921 88611769 52362659 0 55653805 78739744 81026050 52757712 76246603 82628061 75972281 85174453 68598142 63050991 53091927 59822901 61288015 50190446 52491100 73585676 87991916 56153898 73435481 53463213 52889970 86041129 68792104 77210492 81278787 55943163 78242346 67779816 64783761 52158571 62830099 62018938 76411623 63221333 51341445 89314971 81282310 81479149 55683570 85391613 78422850 77132063 74984405 64055874 64115868
60385272 89904331 54088323 65386015 55653805 0 86826420 82493611 77400976 73167855 66946607 78987752 73068371 75224331 52275039 57566974 63417603 72154851 51442291 71769834 73858381 87245350 55675799 59935390 62755709 57026411 60339033 88422480 60572048 82757640 59450538 82511005 79918644 71423800 50746822 73069236 78061146 88410985 71540579 60291335 73297130 71842565 87201241 78845686 86789366 54839648 50053659 68600027 61331168 68853469
69010391 76069657 59179049 60857978 78739744 86826420 0 84962555 74310619 77133977 74725058 52868616 76511197 65795352 51754652 85832857 54225588 62263650 58269089 64139252 79795899 74568635 56735983 66503772 66547125 62556344 74744029 68788759 75735488 55663125 60936387 60169641 81949705 75374862 85919530 71687701 69440120 82549458 68716966 79171953 61890939 69452017 75190647 61507494 55529177 54806958 53448860 64359553 88012368 77000457
54640624 57082662 64368059 87159984 81026050 82493611 84962555 0 51875291 87331318 89847902 67822784 50622036 76668570 76148432 76208535 81447386 82297893 63784973 80932954 63050479 86967940 65907044 68909818 75559968 53622579 85358372 57211218 69380371 67563079 89430427 53903586 59131291 55487767 62004907 88251035 77494643 70936475 57027639 57387044 86677828 51457633 53773088 58354305 61680161 63311993 79209038 77120889 57739910 59507711
80567961 50901442 85267364 86073281 52757712 77400976 74310619 51875291 0 52227633 72965936 62583903 68968653 58985095 66427074 62744010 54654803 75973060 59861275 79170340 64236067 78635598 53475800 80716790 61496255 81348025 86041364 61836052 57368803 62411934 80437737 71366554 63983829 64188591 83401311 69745590 71654682 69739545 55877549 82883788 65363433 89234350 59896532 61115177 85414583 60216057 54051098 81863498 52823021 88048721
56379361 89475750 67401719 85343879 76246603 73167855 77133977 87331318 52227633 0 62052822 54339129 59426406 70196561 84983746 69829858 71270004 56141610 72404287 70923203 72951414 82520902 52851938 84283025 50803108 68242118 66456787 60953970 54564628 89233422 59253810 84584209 51211886 88786474 70840482 59141626 82049086 61366270 88353303 82301323 76206771 50864078 67931895 55841570 78620728 87789248 58002345 86194925 51101702 79851639
52317629 57529311 88296975 54276871 82628061 66946607 74725058 89847902 72965936 62052822 0 77385850 59436054 78606452 56290131 64852127 62716814 84377733 87018397 56807897 80270056 82460802 64761209 63503822 68577736 57498216 71263401 51135538 51937512 57802478 71043627 81171957 68531273 84903036 87016548 70421053 89916717 63998330 71861649 55713723 61789644 75898246 78601585 59024447 53483748 62343071 83289973 80413042 85347823 85808638
79932549 65080396 66811768 82933979 75972281 78987752 52868616 67822784 62583903 54339129 77385850 0 67357086 60424571 60525282 85880153 85804937 74263354 75688243 52753575 56810357 62508721 51782485 59317307 83915182 89901834 83804454 64940479 70243342 73452260 80731465 55450473 67974019 65634962 74048012 66804137 50838001 69765407 66907376 62191018 58732357 88243873 54142626 84186664 57250758 73592509 52255877 62154338 82295980 87162646
68823555 61234670 81712279 60362040 85174453 73068371 76511197 50622036 68968653 59426406 59436054 67357086 0 84072131 52412870 70956249 70124249 87027467 78024585 60888793 77705891 86018350 65900616 65780957 79995023 73244456 74962441 82589116 75423075 64744132 66045235 51624731 57084151 84327109 73461785 86463147 55474853 81778502 71106855 85318132 51433296 70606091 64959279 57586401 58792977 79701350 66782568 75455274 62298525 77517649
67066036 77069193 82190606 79767628 68598142 75224331 65795352 76668570 58985095 70196561 78606452 60424571 84072131 0 71395651 65846485 82745213 61000398 82705646 60203816 68641963 85460990 59894391 74352241 89847358 56642374 51730210 85313052 52695503 51208095 67018747 87884376 76266885 68479177 76293179 56490372 87771152 80131088 63916990 87143357 72174660 50448424 54424288 70677410 77444549 85115593 72900614 62075534 70767194 64976064
86853029 74065315 79676576 89083226 63050991 52275039 51754652 76148432 66427074 84983746 56290131 60525282 52412870 71395651 0 71353220 53293023 67244326 63098322 83956855 72706594 75785785 70213037 74540738 68327470 64425376 50190769 64605260 62233697 56377869 53311523 73493547 72682695 89368903 53740748 51514517 81885260 80047371 53771966 87371983 88132509 79192114 61201201 62880088 80834237 72158910 79546951 84619936 79010492 60421209
70637137 62436383 57619014 89978320 53091927 57566974 85832857 76208535 62744010 69829858 64852127 85880153 70956249 65846485 71353220 0 63440149 82425415 78243835 88245356 65684634 73706810 87577988 61065478 81012173 72117338 58391973 88340238 75483545 85714017 61490346 53747220 71449096 82409785 74381359 55262299 89873358 79456337 85314679 59670604 68115452 81969269 80354921 52304288 70066810 78964452 60803896 64012512 87044547 71399726
57570348 68958861 55000308 78599462 59822901 63417603 54225588 81447386 54654803 71270004 62716814 85804937 70124249 82745213 53293023 63440149 0 77206353 51808424 54495212 79536509 0 77626425 68518713 76941002 50973347 62511937 50750151 70611385 82308329 85402732 82074001 50704429 80576044 53029553 68282808 61247513 84122591 58367183 80771186 74639152 70638835 50031843 73532160 55200418 76712410 70388267 89879776 50361984 60050243
77397332 77667355 79719865 70425159 61288015 72154851 62263650 82297893 75973060 56141610 84377733 74263354 87027467 61000398 67244326 82425415 77206353 0 62102176 59884766 61941648 63211341 76570495 86727257 64667751 56429148 54889168 64207239 82914361 84842922 75350653 78502387 75604160 80133757 55550273 71306228 89704792 73242821 73171594 68599086 71419745 75105542 69554994 69447732 64985312 64036954 58393091 88778828 75467323 59742581
77794334 56525385 79757282 50459971 50190446 51442291 58269089 63784973 59861275 72404287 87018397 75688243 78024585 82705646 63098322 78243835 51808424 62102176 0 79787590 71547686 64562869 82441850 72036366 60464733 76037652 65420012 57631899 62689659 54834248 69221286 60412900 73029859 86174880 58924360 61393673 54909114 65704689 58274862 58950815 59641060 63465473 75798914 84971551 52050478 62502533 70908323 52225922 56578309 74781654
52377488 79841850 75936433 76986426 52491100 71769834 64139252 80932954 79170340 70923203 56807897 52753575 60888793 60203816 83956855 88245356 54495212 59884766 79787590 0 74411635 80791379 85966094 63475178 69549859 57437330 78916966 88566146 74360602 52847293 88993069 69285123 74864244 56952350 72842308 80138914 75957656 71306473 88642373 75468107 55304957 55144561 85740278 66716275 76901278 86089803 68739164 74767526 87449919 82211854
74046276 86088131 51027220 68490598 73585676 73858381 79795899 63050479 64236067 72951414 80270056 56810357 77705891 68641963 72706594 65684634 79536509 61941648 71547686 74411635 0 88179041 73151092 62615693 83040926 51719912 54198323 87899066 79216063 58390368 66873176 61045331 55681600 75092852 59302297 74688371 88193860 74631519 75279713 88384634 51893517 84134816 88803985 54763561 51517449 70913557 84785247 71143420 63197057 67829874
71191641 70309597 55417543 87044540 87991916 87245350 74568635 86967940 78635598 82520902 82460802 62508721 86018350 85460990 75785785 73706810 0 63211341 64562869 80791379 88179041 0 83719174 63570539 54443263 57552844 78194258 53327052 69589709 85934406 54199207 80628023 53139222 79764375 76915020 57752861 65067335 88785798 63766603 81550098 70519426 77595761 61888314 63349899 66231983 83575699 66754241 78824395 73644731 81027178
67596312 64690087 56235788 85454712 56153898 55675799 56735983 65907044 53475800 52851938 64761209 51782485 65900616 59894391 70213037 87577988 77626425 76570495 82441850 85966094 73151092 83719174 0 71727658 56142027 67603274 84628403 67580437 75500946 65617397 81068054 70810297 69681065 81564866 68941426 71377947 59595216 86495076 50391709 58557998 54287195 80638636 70803216 53773040 58026313 79758468 71123010 68693275 88813272 51496684
63891325 70258721 88977305 88518963 73435481 59935390 66503772 68909818 80716790 84283025 63503822 59317307 65780957 74352241 74540738 61065478 68518713 86727257 72036366 63475178 62615693 63570539 71727658 0 79306162 80128995 57786296 55840149 59006272 65638090 70433564 80841130 57613248 72769865 57697574 55981172 82954898 63310459 78328902 65492748 75555913 86384933 89617381 75659424 84207342 63409540 51635960 63969744 57163264 69449976
83932516 67823924 59009413 56900554 53463213 62755709 66547125 75559968 61496255 50803108 68577736 83915182 79995023 89847358 68327470 81012173 76941002 64667751 60464733 69549859 83040926 54443263 56142027 79306162 0 88099219 55394725 75657036 65802709 73420575 76505102 72195064 51027860 58993744 54082342 68901147 85152391 52623786 61591433 72101587 60996805 74179081 81340917 72437213 82733732 65715004 50216151 72847365 80001363 84906133
85582358 81700221 53661331 50631584 52889970 57026411 62556344 53622579 81348025 68242118 57498216 89901834 73244456 56642374 64425376 72117338 50973347 56429148 76037652 57437330 51719912 57552844 67603274 80128995 88099219 0 65532854 52010824 51073778 54097618 76585413 50660279 75127422 87624453 58618119 59934418 77834984 65788993 51254509 78640927 77086263 78813374 87370324 65337291 71220295 61489130 73223081 83527447 51571866 75154359
72889057 64918955 58753075 68833720 86041129 60339033 74744029 85358372 86041364 66456787 71263401 83804454 74962441 51730210 50190769 58391973 62511937 54889168 65420012 78916966 54198323 78194258 84628403 57786296 55394725 65532854 0 63679945 57118355 60029318 67195852 83767051 56086976 62993303 70757664 88485231 58014458 53988829 54737367 81755696 71770466 76458809 52321128 69498506 74340588 64988412 51767369 86892155 68404097 84036522
55089329 71628625 68113988 79736662 68792104 88422480 68788759 57211218 61836052 60953970 51135538 64940479 82589116 85313052 64605260 88340238 50750151 64207239 57631899 88566146 87899066 53327052 67580437 55840149 75657036 52010824 63679945 0 67564953 69972116 85944954 85300425 88961491 75151773 66065674 77072228 67954153 55081621 87728275 58423888 53415429 59969820 77656542 59569218 58340949 65170116 68521653 59419083 51146685 57009945
84495100 65592820 61230060 78467591 77210492 60572048 75735488 69380371 57368803 54564628 51937512 70243342 75423075 52695503 62233697 75483545 70611385 82914361 62689659 74360602 79216063 69589709 75500946 59006272 65802709 51073778 57118355 67564953 0 84168603 60270111 64870707 58641091 84721205 50431988 52398635 55033597 74889585 51997428 76139499 56466774 60110590 87555152 61789666 62521107 62330773 77910507 52481244 73729723 80676530
89137590 61615990 60268534 77591160 81278787 82757640 55663125 67563079 62411934 89233422 57802478 73452260 64744132 51208095 56377869 85714017 82308329 84842922 54834248 52847293 58390368 85934406 65617397 65638090 73420575 54097618 60029318 69972116 84168603 0 57201379 79440396 62571502 82771123 86945792 62684969 61545319 67533925 88058987 77726796 76194374 67819147 56310154 78670661 89646426 61858844 56959807 58341982 71287975 60540226
65081815 80240112 50664768 79861965 55943163 59450538 60936387 89430427 80437737 59253810 71043627 80731465 66045235 67018747 53311523 61490346 85402732 75350653 69221286 88993069 66873176 54199207 81068054 70433564 76505102 76585413 67195852 85944954 60270111 57201379 0 69884064 82268819 60791841 58209265 62425278 63374595 62266330 61740892 53993383 85948877 51018437 68632527 64142767 70305858 86425228 58591440 55128600 80047037 61054774
63211012 62588839 60447157 70706874 78242346 82511005 60169641 53903586 71366554 84584209 81171957 55450473 51624731 87884376 73493547 53747220 82074001 78502387 60412900 69285123 61045331 80628023 70810297 80841130 72195064 50660279 83767051 85300425 64870707 79440396 69884064 0 87177308 67869528 72589469 64614298 53511213 74739155 55913639 83869282 55264475 57474003 89103062 75163506 76058630 81217054 88986075 62797102 71669196 84293153
67054530 76186133 82828115 60061607 67779816 79918644 81949705 59131291 63983829 51211886 68531273 67974019 57084151 76266885 72682695 71449096 50704429 75604160 73029859 74864244 55681600 53139222 69681065 57613248 51027860 75127422 56086976 88961491 58641091 62571502 82268819 87177308 0 76855364 73374666 57256799 50106263 50949672 76087560 86192794 55541924 67511003 62670215 55449371 59938804 76260399 72982721 69116918 88675078 75492234
57140668 84402393 74766752 52576990 64783761 71423800 75374862 55487767 64188591 88786474 84903036 65634962 84327109 68479177 89368903 82409785 80576044 80133757 86174880 56952350 75092852 79764375 81564866 72769865 58993744 87624453 62993303 75151773 84721205 82771123 60791841 67869528 76855364 0 68682672 53032396 70783201 85253313 65793392 82158876 65568409 75266934 87413386 62594402 86553883 52904190 56309989 58297729 82795737 81084058
66780759 77606383 65701223 65577614 52158571 50746822 85919530 62004907 83401311 70840482 87016548 74048012 73461785 76293179 53740748 74381359 53029553 55550273 58924360 72842308 59302297 76915020 68941426 57697574 54082342 58618119 70757664 66065674 50431988 86945792 58209265 72589469 73374666 68682672 0 73823207 80088100 63271055 60451489 57862438 80765222 58710728 76680103 89598627 88510716 55177090 84918871 64347419 56141686 86210499
58726313 57537004 77243417 50755887 62830099 73069236 71687701 88251035 69745590 59141626 70421053 66804137 86463147 56490372 51514517 55262299 68282808 71306228 61393673 80138914 74688371 57752861 71377947 55981172 68901147 59934418 88485231 77072228 52398635 62684969 62425278 64614298 57256799 53032396 73823207 0 78958768 75419153 69723539 66175766 51868682 86226936 66112519 88628052 83816123 75533882 61510800 77074036 79285348 53496462
89263231 85320064 50145361 72007488 62018938 78061146 69440120 77494643 71654682 82049086 89916717 50838001 55474853 87771152 81885260 89873358 61247513 89704792 54909114 75957656 88193860 65067335 59595216 82954898 85152391 77834984 58014458 67954153 55033597 61545319 63374595 53511213 50106263 70783201 80088100 78958768 0 86156784 77491302 59177383 72219924 86058611 54247153 51430294 86228551 85516704 82811504 68840109 76484414 89357190
63743805 54574222 82085163 62436394 76411623 88410985 82549458 70936475 69739545 61366270 63998330 69765407 81778502 80131088 80047371 79456337 84122591 73242821 65704689 71306473 74631519 88785798 86495076 63310459 52623786 65788993 53988829 55081621 74889585 67533925 62266330 74739155 50949672 85253313 63271055 75419153 86156784 0 79344936 83505161 68500324 81192978 88741323 81968473 82342158 53501383 63384365 62335939 89091273 83079345
70048610 62545390 87138715 56967653 63221333 71540579 68716966 57027639 55877549 88353303 71861649 66907376 71106855 63916990 53771966 85314679 58367183 73171594 58274862 88642373 75279713 63766603 50391709 78328902 61591433 51254509 54737367 87728275 51997428 88058987 61740892 55913639 76087560 65793392 60451489 69723539 77491302 79344936 0 62932145 82283490 63748487 85018816 75435266 72914281 78755612 75856618 58404540 80301698 89250261
68129072 53427786 65741476 65581293 51341445 60291335 79171953 57387044 82883788 82301323 55713723 62191018 85318132 87143357 87371983 59670604 80771186 68599086 58950815 75468107 88384634 81550098 58557998 65492748 72101587 78640927 81755696 58423888 76139499 77726796 53993383 83869282 86192794 82158876 57862438 66175766 59177383 83505161 62932145 0 78668938 58746711 88901584 68943246 79518283 56584617 55973764 52206364 77660069 55692516
51305629 76383543 71976529 55952395 89314971 73297130 61890939 86677828 65363433 76206771 61789644 58732357 51433296 72174660 88132509 68115452 74639152 71419745 59641060 55304957 51893517 70519426 54287195 75555913 60996805 77086263 71770466 53415429 56466774 76194374 85948877 55264475 55541924 65568409 80765222 51868682 72219924 68500324 82283490 78668938 0 68578063 53494686 76246067 74755220 63097515 52487360 57204958 80536217 54108572
73337256 53489087 51965379 52944565 81282310 71842565 69452017 51457633 89234350 50864078 75898246 88243873 70606091 50448424 79192114 81969269 70638835 75105542 63465473 55144561 84134816 77595761 80638636 86384933 74179081 78813374 76458809 59969820 60110590 67819147 51018437 57474003 67511003 75266934 58710728 86226936 86058611 81192978 63748487 58746711 68578063 0 76078603 74692584 78418007 81103239 64315026 62414475 72783913 63175297
54696877 71797302 69139230 77437775 81479149 87201241 75190647 53773088 59896532 67931895 78601585 54142626 64959279 54424288 61201201 80354921 50031843 69554994 75798914 85740278 88803985 61888314 70803216 89617381 81340917 87370324 52321128 77656542 87555152 56310154 68632527 89103062 62670215 87413386 76680103 66112519 54247153 88741323 85018816 88901584 53494686 76078603 0 70060566 51584569 64444590 68066245 67737062 56790004 74381577
63243460 50670270 75071058 85382674 55683570 78845686 61507494 58354305 61115177 55841570 59024447 84186664 57586401 70677410 62880088 52304288 73532160 69447732 84971551 66716275 54763561 63349899 53773040 75659424 72437213 65337291 69498506 59569218 61789666 78670661 64142767 75163506 55449371 62594402 89598627 88628052 51430294 81968473 75435266 68943246 76246067 74692584 70060566 0 65932652 51664002 76864129 78619539 51497285 71477591
70084631 71525450 69287049 69197532 85391613 86789366 55529177 61680161 85414583 78620728 53483748 57250758 58792977 77444549 80834237 70066810 55200418 64985312 52050478 76901278 51517449 66231983 58026313 84207342 82733732 71220295 74340588 58340949 62521107 89646426 70305858 76058630 59938804 86553883 88510716 83816123 86228551 82342158 72914281 79518283 74755220 78418007 51584569 65932652 0 52169182 64420989 85987411 77168636 77182200
63987571 58903285 56048705 82905235 78422850 54839648 54806958 63311993 60216057 87789248 62343071 73592509 79701350 85115593 72158910 78964452 76712410 64036954 62502533 86089803 70913557 83575699 79758468 63409540 65715004 61489130 64988412 65170116 62330773 61858844 86425228 81217054 76260399 52904190 55177090 75533882 85516704 53501383 78755612 56584617 63097515 81103239 64444590 51664002 52169182 0 66122562 86294345 66961056 70252395
85190261 57135269 77661712 84976907 77132063 50053659 53448860 79209038 54051098 58002345 83289973 52255877 66782568 72900614 79546951 60803896 70388267 58393091 70908323 68739164 84785247 66754241 71123010 51635960 50216151 73223081 51767369 68521653 77910507 56959807 58591440 88986075 72982721 56309989 84918871 61510800 82811504 63384365 75856618 55973764 52487360 64315026 68066245 76864129 64420989 66122562 0 85495009 68674455 74988215
80653987 85661668 65244028 69495040 74984405 68600027 64359553 77120889 81863498 86194925 80413042 62154338 75455274 62075534 84619936 64012512 89879776 88778828 52225922 74767526 71143420 78824395 68693275 63969744 72847365 83527447 86892155 59419083 52481244 58341982 55128600 62797102 69116918 58297729 64347419 77074036 68840109 62335939 58404540 52206364 57204958 62414475 67737062 78619539 85987411 86294345 85495009 0 64398306 77663583
89121147 60181976 74971764 50658499 64055874 61331168 88012368 57739910 52823021 51101702 85347823 82295980 62298525 70767194 79010492 87044547 50361984 75467323 56578309 87449919 63197057 73644731 88813272 57163264 80001363 51571866 68404097 51146685 73729723 71287975 80047037 71669196 88675078 82795737 56141686 79285348 76484414 89091273 80301698 77660069 80536217 72783913 56790004 51497285 77168636 66961056 68674455 64398306 0 52937835
81855522 65394028 52150238 58955308 64115868 68853469 77000457 59507711 88048721 79851639 85808638 87162646 77517649 64976064 60421209 71399726 60050243 59742581 74781654 82211854 67829874 81027178 51496684 69449976 84906133 75154359 84036522 57009945 80676530 60540226 61054774 84293153 75492234 81084058 86210499 53496462 89357190 83079345 89250261 55692516 54108572 63175297 74381577 71477591 77182200 70252395 74988215 77663583 52937835 0
0 83783451 84648032 72643042 75333750 78871531 70437996 84628437 58285446 82685565 87129044 58857385 70583398 72385836 53158966 68939193 81450193 61629159 61043143 86863173 65137244 68450064 71869272 74965520 55825372 54434546 66707165 84498395 55205550 50587676 73914518 75745973 72463963 82029003 72349432 80686703 50482751 75135115 69702438 71593377 88592067 65916844 84610889 75635291 69597882 74934338 54943956 58245972 50690126 57205485
83783451 0 71791057 74597017 71191798 50273455 63113379 82244877 89082500 50455322 81458231 73922548 78156884 62124468 65111362 76973977 70471298 61198532 82654253 59203800 53812198 69319171 74146291 69420465 71772125 57309625 74106280 67784213 73275753 77698103 58809283 76899290 62995750 55343900 61404184 81709582 54685987 84660875 76732935 86310575 62669396 85956622 67525805 89148105 67847845 80326575 82109313 54388487 79091966 73760425
84648032 71791057 0 69728719 51353205 85344990 80028287 74541958 54864336 72076868 51807184 72288533 57219178 56827841 59493237 81441271 84286580 59439535 59414292 63307020 88836694 83870667 82849060 51271425 80172228 85796328 80412412 71614741 78169310 79010293 89227912 78708773 56457093 64434288 73205717 61774648 89861245 56845086 52870596 73033046 67425420 87775840 70225194 64163527 70052523 83126048 61130340 73903044 64218099 87620567
72643042 74597017 69728719 0 87067441 73783325 78650087 52795890 53736643 54677637 84895851 56352951 78869511 59218568 50865977 50007936 60848164 69216221 89502248 62149662 71351722 52952061 54584090 51509260 82322259 89541087 70666151 59428276 60908254 61463265 59366090 68848963 79037285 86835470 73542937 89111377 67379288 76964229 82297020 73519380 83158270 86518570 61596724 54586728 70204555 56391241 55031929 69967849 89366058 80015808
75333750 71191798 51353205 87067441 0 83785607 60275025 57839883 86813206 62903530 56602737 63288635 54893514 71028265 75811058 86479315 79341389 78151904 89845366 86803423 65812419 52236754 82920077 65697561 86157047 86614109 53897774 70685254 61827132 57629130 83234847 60932416 71816409 74118862 87588093 76199292 77441073 62982134 75643206 88609044 50490895 57614981 57440318 83522970 54506686 60939176 61961291 64245388 74750767 74725709
78871531 50273455 85344990 73783325 83785607 0 53219691 56624777 61553952 66280326 72371578 59972062 66434001 63906732 87174671 81457628 75426580 67349975 88383468 67643608 65117407 52575010 83664003 79306746 76197962 82260360 78898042 51605219 78674994 56533768 80243614 56662297 59098469 67961136 89127027 66454975 61002583 51655772 67816707 78957084 66112765 67620789 52734754 60169971 53233828 84419954 89880478 70911119 78107087 70522421
70437996 63113379 80028287 78650087 60275025 53219691 0 55055138 65025920 61921659 64453565 86662722 62598760 73056298 88075324 54346828 85134965 77263553 81087350 74715571 59148292 64807094 82502875 72715378 72762195 76573880 64496478 70690552 63445325 83735168 78495561 79094154 57150984 63850377 54201174 67686690 70047403 56612328 70693807 59822788 77532666 69999225 63933157 77854677 83678855 84538052 86329649 74513727 52222842 62009137
84628437 82244877 74541958 52795890 57839883 56624777 55055138 0 88056560 52586234 50382975 71769006 89412543 62397164 62993168 62837003 57398614 56748866 75043449 57967506 75973839 53054529 72924497 70516318 63680006 85911101 54590015 81924971 70085260 72038080 50458811 85570073 80112968 83864680 77459551 52017329 61489343 68651233 82241221 81773128 53283000 88362605 85609596 80835106 77576449 75593710 59714506 61928226 81279793 79753592
58285446 89082500 54864336 53736643 86813206 61553952 65025920 88056560 0 87376957 66480634 76333511 70286768 80252107 72705799 76206265 84613972 63301718 79409233 59885282 74582582 60632474 86151243 58077775 77801625 57658564 53809788 77564669 81751253 77052488 58350525 68018901 74951542 74718508 56185733 69808138 67690849 69830346 83220168 56376015 73784502 50528916 79321541 78201396 54571482 79029295 85346851 57150389 86782203 52210513
82685565 50455322 72076868 54677637 62903530 66280326 61921659 52586234 87376957 0 77353898 84869790 79908346 69496480 54976123 69713552 68411946 83150383 67248191 68701774 66549916 56614930 86683165 55554104 89143322 71499295 72760773 78255045 84703236 50969450 79830935 55593722 88443126 51201832 68768965 80028744 57115152 78069328 51628368 56713968 62989248 89067628 71735875 83493492 60680135 52367617 81102184 53724632 88748446 59166203
87129044 81458231 51807184 84895851 56602737 72371578 64453565 50382975 66480634 77353898 0 61891669 79835503 60810601 82803180 74108667 76215581 55304348 52919503 82470901 58425895 56650155 74138806 75178430 71123722 81634316 68359985 88656719 87811999 81263822 68569575 57712534 71248915 55082460 53210937 69348592 50122802 74862187 67483148 83408125 77602961 63377660 60689868 80116297 86010928 77045928 56271638 58354260 54709466 54348559
58857385 73922548 72288533 56352951 63288635 59972062 86662722 71769006 76333511 84869790 61891669 0 72242394 78855044 78705866 53979482 54357029 65001889 63470609 86746614 82501728 76914520 87854740 79919585 55912984 50265886 56035326 74071826 69573599 65631792 58165381 83797376 71701922 73447242 65269889 72404856 88979137 69748105 72361477 77296545 80428596 52208304 85247226 55802902 81876924 65611071 87245880 77424195 56741180 52897299
70583398 78156884 57219178 78869511 54893514 66434001 62598760 89412543 70286768 79908346 79835503 72242394 0 55814648 87029321 68627213 69577599 52999583 61012443 78428861 61114856 53830561 72929216 73041630 59080741 66109354 64322528 56614655 63846842 74143084 72801878 88203774 82140998 55505264 65494945 53289884 83846609 57316337 68540229 54716086 88566943 69065681 74040678 81436145 80381243 59456996 72408311 63786810 77422996 61491717
72385836 62124468 56827841 59218568 71028265 63906732 73056298 62397164 80252107 69496480 60810601 78855044 55814648 0 67904779 72924767 56529183 78499697 56596095 79154058 70903753 54544356 79307844 64966846 50390855 82536683 88013405 54804715 87058700 88656548 72358440 52351365 62820618 71466416 62727398 83017117 52404411 58594055 74873115 52820919 67269614 89384017 84740460 68897644 61533736 54946538 66562005 77402037 68783209 74080056
53158966 65111362 59493237 50865977 75811058 87174671 88075324 62993168 72705799 54976123 82803180 78705866 87029321 67904779 0 68258354 86473910 72143462 75862172 55854105 66966895 63383330 69524647 64671297 71398057 74246337 89840768 74325279 77288737 82765067 86444995 65909052 67038434 50464923 85889013 88342255 57109502 58773062 85639611 52557180 52164432 59749084 78213980 75996145 57843974 67319373 59484714 55337216 59891732 78830834
68939193 76973977 81441271 50007936 86479315 81457628 54346828 62837003 76206265 69713552 74108667 53979482 68627213 72924767 68258354 0 75555733 56659200 60975964 51828737 73113318 65365894 52405743 78218040 57916305 67352290 80752831 51720363 63715539 54442297 77942312 85840191 67872432 56698689 64958593 84052327 50383378 59548444 54845708 79321799 71630419 57045815 58386922 87146245 69586600 59984027 78591716 74834018 53197646 67905654
81450193 70471298 84286580 60848164 79341389 75426580 85134965 57398614 84613972 68411946 76215581 54357029 69577599 56529183 86473910 75555733 0 61675431 87915722 85026752 59526414 0 61330022 71299093 62136858 88827491 76907666 89101023 69369674 56736395 54573667 56891042 89290762 58308313 86502353 71522769 78131884 55768257 80711903 57988685 64590284 68991115 89722616 65452971 83987608 62427049 69352054 50379725 89603529 79219989
61629159 61198532 59439535 69216221 78151904 67349975 77263553 56748866 63301718 83150383 55304348 65001889 52999583 78499697 72143462 56659200 61675431 0 77216663 79642783 77445766 75720303 62509697 53283247 74143746 82723731 84390386 74658741 56375767 55109283 63891649 60854452 63487402 58584097 83640172 68272620 50417303 65952465 66038869 71001505 67879326 64166400 69885361 70025728 74031938 74754744 80662598 51278261 63805309 79448144
61043143 82654253 59414292 89502248 89845366 88383468 81087350 75043449 79409233 67248191 52919503 63470609 61012443 56596095 75862172 60975964 87915722 77216663 0 59361583 67788182 74221377 56646045 67375543 78806114 63176742 73753625 81303520 76278529 84530747 70165826 78872230 66540886 53652589 80262821 77990170 84387570 73072310 80992419 80228078 79647072 75312937 63417159 55010283 87683364 77001329 68689428 87545079 82647788 64366267
86863173 59203800 63307020 62149662 86803423 67643608 74715571 57967506 59885282 68701774 82470901 86746614 78428861 79154058 55854105 51828737 85026752 79642783 59361583 0 64805401 58074646 54175799 75381747 69919017 81721106 60128014 51431401 64892049 86771424 50732908 70106225 64259223 82309745 66713976 58575239 63320257 68309852 51350405 63768209 83873552 84166396 54298492 72484556 62184560 53549542 70782485 64338669 52709337 56827189
65137244 53812198 88836694 71351722 65812419 65117407 59148292 75973839 74582582 66549916 58425895 82501728 61114856 70903753 66966895 73113318 59526414 77445766 67788182 64805401 0 52143685 66358763 76318220 56352215 88156930 85320229 52293726 59712422 80792826 72377967 78375945 83536682 64149070 79969778 64654505 52022682 64604712 63904155 51672520 87841420 55729900 51150846 84610618 88238170 68694804 55118318 68534437 75756998 71815438
68450064 69319171 83870667 52952061 52236754 52575010 64807094 53054529 60632474 56614930 56650155 76914520 53830561 54544356 63383330 65365894 0 75720303 74221377 58074646 52143685 0 56081617 75248954 84733210 81579429 61028944 86408079 69877054 54082308 84993893 58282434 86494855 59372056 62159197 81145614 73996882 51277404 75058011 57596115 69050406 61370443 77445795 75505742 72724513 56071230 72485657 60494395 65391723 57792999
71869272 74146291 82849060 54584090 82920077 83664003 82502875 72924497 86151243 86683165 74138806 87854740 72929216 79307844 69524647 52405743 61330022 62509697 56646045 54175799 66358763 56081617 0 67684730 82902206 72032756 55141229 71867306 63572933 73506404 57749336 68732140 69870307 57336385 70534599 68218349 79507227 53328266 89954806 80796709 84807867 58183504 68720075 85739919 81081964 59402187 68535471 70726464 50970607 88420375
74965520 69420465 51271425 51509260 65697561 79306746 72715378 70516318 58077775 55554104 75178430 79919585 73041630 64966846 64671297 78218040 71299093 53283247 67375543 75381747 76318220 75248954 67684730 0 59626459 58625056 81155563 83504218 80187044 73115796 69079415 57927359 81422677 66836791 81386737 83088273 56405760 75593950 60973485 73569035 63769317 53365073 50412479 63449539 55682628 75450271 88157107 75091259 81999807 70002510
55825372 71772125 80172228 82322259 86157047 76197962 72762195 63680006 77801625 89143322 71123722 55912984 59080741 50390855 71398057 57916305 62136858 74143746 78806114 69919017 56352215 84733210 82902206 59626459 0 51995612 83963777 63547352 73008111 65754256 62593586 67322465 88742689 80214735 85529350 70530534 54873577 86776500 77788100 67366444 78333998 65008678 57568373 67202240 56483785 73069812 89801481 66786713 58851859 55076917
54434546 57309625 85796328 89541087 86614109 82260360 76573880 85911101 57658564 71499295 81634316 50265886 66109354 82536683 74246337 67352290 88827491 82723731 63176742 81721106 88156930 81579429 72032756 58625056 51995612 0 73664916 87593680 88667860 85331491 62471737 89324614 64070613 52450261 80536864 79260259 61060312 72961956 88589604 60611600 61988526 60259181 52707731 73787820 68520392 77928802 66014335 56132958 88228974 63957504
66707165 74106280 80412412 70666151 53897774 78898042 64496478 54590015 53809788 72760773 68359985 56035326 64322528 88013405 89840768 80752831 76907666 84390386 73753625 60128014 85320229 61028944 55141229 81155563 83963777 73664916 0 75174614 82131504 79190718 72164636 56052160 83062736 75961461 68799266 51712075 81061101 85387380 84592583 57224765 67660095 62648667 87131737 69963871 64981574 73952468 88085450 53190185 71373893 55863610
84498395 67784213 71614741 59428276 70685254 51605219 70690552 81924971 77564669 78255045 88656719 74071826 56614655 54804715 74325279 51720363 89101023 74658741 81303520 51431401 52293726 86408079 71867306 83504218 63547352 87593680 75174614 0 72000692 69668053 54154064 54849314 51041475 64027717 72880222 62096811 71687355 84245930 52462377 80621132 86174768 79306755 61282619 79781682 80923854 73911642 71269400 79941609 88823721 82300520
55205550 73275753 78169310 60908254 61827132 78674994 63445325 70085260 81751253 84703236 87811999 69573599 63846842 87058700 77288737 63715539 69369674 56375767 76278529 64892049 59712422 69877054 63572933 80187044 73008111 88667860 82131504 72000692 0 55730199 78929966 74116243 80503021 55189812 89543245 87028183 84377074 64295828 87710801 63003131 82706664 79135527 52511498 77643121 76914486 77115201 61112371 86984472 65329033 58126450
50587676 77698103 79010293 61463265 57629130 56533768 83735168 72038080 77052488 50969450 81263822 65631792 74143084 88656548 82765067 54442297 56736395 55109283 84530747 86771424 80792826 54082308 73506404 73115796 65754256 85331491 79190718 69668053 55730199 0 81958785 59541077 76354434 56587122 53048401 76223873 77939812 72046337 52174344 61070010 62990160 71780528 82820475 60603875 50433855 77518774 82315956 80893715 68321496 78701627
73914518 58809283 89227912 59366090 83234847 80243614 78495561 50458811 58350525 79830935 68569575 58165381 72801878 72358440 86444995 77942312 54573667 63891649 70165826 50732908 72377967 84993893 57749336 69079415 62593586 62471737 72164636 54154064 78929966 81958785 0 69684601 56869895 78690723 80973267 76987788 75426626 77241609 77621680 85517908 54195852 88942757 70909459 74703775 69386958 53345449 80529375 84184248 59109870 78219484
75745973 76899290 78708773 68848963 60932416 56662297 79094154 85570073 68018901 55593722 57712534 83797376 88203774 52351365 65909052 85840191 56891042 60854452 78872230 70106225 78375945 58282434 68732140 57927359 67322465 89324614 56052160 54849314 74116243 59541077 69684601 0 52725694 71765798 67118629 74155703 85925085 64513893 83378429 56056485 83880558 81648037 50706768 63946465 63129790 57615795 50902883 76094872 67716104 55547562
72463963 62995750 56457093 79037285 71816409 59098469 57150984 80112968 74951542 88443126 71248915 71701922 82140998 62820618 67038434 67872432 89290762 63487402 66540886 64259223 83536682 86494855 69870307 81422677 88742689 64070613 83062736 51041475 80503021 76354434 56869895 52725694 0 62473672 65914605 81825472 89892991 88851221 63101320 53566746 83524630 72099859 76280969 83852522 79240961 62812263 66310349 70242748 51327505 63719302
82029003 55343900 64434288 86835470 74118862 67961136 63850377 83864680 74718508 51201832 55082460 73447242 55505264 71466416 50464923 56698689 58308313 58584097 53652589 82309745 64149070 59372056 57336385 66836791 80214735 52450261 75961461 64027717 55189812 56587122 78690723 71765798 62473672 0 70793320 86564296 69036497 54861878 72934787 56877865 73564242 63922847 52567264 76298986 53336713 86597079 82987462 81077989 56553648 57809284
72349432 61404184 73205717 73542937 87588093 89127027 54201174 77459551 56185733 68768965 53210937 65269889 65494945 62727398 85889013 64958593 86502353 83640172 80262821 66713976 79969778 62159197 70534599 81386737 85529350 80536864 68799266 72880222 89543245 53048401 80973267 67118629 65914605 70793320 0 65273788 58708425 75598059 78713492 81145236 58029399 80515259 62457990 50439545 51585539 84091615 55089687 74548994 83049070 53620264
80686703 81709582 61774648 89111377 76199292 66454975 67686690 52017329 69808138 80028744 69348592 72404856 53289884 83017117 88342255 84052327 71522769 68272620 77990170 58575239 64654505 81145614 68218349 83088273 70530534 79260259 51712075 62096811 87028183 76223873 76987788 74155703 81825472 86564296 65273788 0 60011705 63881119 69842611 72680752 87879033 53545337 72853347 51365290 55942645 63552375 77983430 62006069 59682907 86105253
50482751 54685987 89861245 67379288 77441073 61002583 70047403 61489343 67690849 57115152 50122802 88979137 83846609 52404411 57109502 50383378 78131884 50417303 84387570 63320257 52022682 73996882 79507227 56405760 54873577 61060312 81061101 71687355 84377074 77939812 75426626 85925085 89892991 69036497 58708425 60011705 0 53707346 61489504 80092009 67253703 53763295 84880353 88371464 53475351 54447677 56443920 70564181 62529564 50564686
75135115 84660875 56845086 76964229 62982134 51655772 56612328 68651233 69830346 78069328 74862187 69748105 57316337 58594055 58773062 59548444 55768257 65952465 73072310 68309852 64604712 51277404 53328266 75593950 86776500 72961956 85387380 84245930 64295828 72046337 77241609 64513893 88851221 54861878 75598059 63881119 53707346 0 59602078 56246872 71372514 57484656 51294108 57102302 56737441 85927071 75498694 77057995 50766954 56309964
69702438 76732935 52870596 82297020 75643206 67816707 70693807 82241221 83220168 51628368 67483148 72361477 68540229 74873115 85639611 54845708 80711903 66038869 80992419 51350405 63904155 75058011 89954806 60973485 77788100 88589604 84592583 52462377 87710801 52174344 77621680 83378429 63101320 72934787 78713492 69842611 61489504 59602078 0 75983881 56818117 75039183 54969365 63817234 66590552 60224661 63352598 80707253 58535234 50706764
71593377 86310575 73033046 73519380 88609044 78957084 59822788 81773128 56376015 56713968 83408125 77296545 54716086 52820919 52557180 79321799 57988685 71001505 80228078 63768209 51672520 57596115 80796709 73569035 67366444 60611600 57224765 80621132 63003131 61070010 85517908 56056485 53566746 56877865 81145236 72680752 80092009 56246872 75983881 0 60614464 80480885 51135015 70441678 59592016 82626381 83186309 87400177 61280473 83422868
