15
0.411893636106 -0.091567651577 -0.218026229948 -0.246069617406 0.126159623691 -0.159897018008 -0.103093825052 -0.194949007135 -0.181662523751 -0.092817744211 0.164284955281 0.156852302760 0.013815015660 -0.258764561777 -0.057425495858
-0.091567651577 0.514193579453 -0.027170936655 0.175029753242 0.316885066651 -0.079626992790 0.180474161393 0.087955805024 0.206383512644 -0.128712484491 0.000483629620 -0.288677966969 -0.110916141167 0.001549131829 -0.049236400853
-0.218026229948 -0.027170936655 0.494801585435 -0.072761434837 0.068609905075 0.028627022713 0.003373053835 0.185042999814 0.183077956603 0.283045367392 -0.262860615652 0.153282640492 0.100808290764 0.179539487666 -0.210584836414
-0.246069617406 0.175029753242 -0.072761434837 0.513172658748 -0.031399156810 -0.147186383440 0.201817029193 -0.128278536966 0.204479216189 -0.146565974544 -0.136129660833 0.031674310014 0.012632237823 -0.253131687730 0.180752776738
0.126159623691 0.316885066651 0.068609905075 -0.031399156810 0.444939138528 -0.048172473838 0.014087364463 -0.104528047301 0.031340235103 -0.102388167900 0.156413470102 0.020643486589 -0.008017150761 0.077184303862 -0.049313975214
-0.159897018008 -0.079626992790 0.028627022713 -0.147186383440 -0.048172473838 0.593830576702 -0.179689139363 0.117674240869 0.091379448923 -0.244156227061 0.136413532650 0.042716125409 0.060676492377 0.197157756729 0.108407711186
-0.103093825052 0.180474161393 0.003373053835 0.201817029193 0.014087364463 -0.179689139363 0.410222629923 0.077192396451 0.020985094990 0.116634467484 0.196277478416 0.288214889076 0.249480301550 0.087453037356 -0.004439835842
-0.194949007135 0.087955805024 0.185042999814 -0.128278536966 -0.104528047301 0.117674240869 0.077192396451 0.484459953081 0.044430428223 0.233400131475 -0.050864522874 0.241759818283 -0.077790952695 0.103221358707 -0.056985739546
-0.181662523751 0.206383512644 0.183077956603 0.204479216189 0.031340235103 0.091379448923 0.020985094990 0.044430428223 0.356581380205 -0.107503774239 -0.027579467477 -0.264387884321 0.116899255462 -0.169430278028 -0.367676857631
-0.092817744211 -0.128712484491 0.283045367392 -0.146565974544 -0.102388167900 -0.244156227061 0.116634467484 0.233400131475 -0.107503774239 0.445524052157 -0.215331020170 -0.057386539157 0.156664524941 0.042906750504 0.014912372064
0.164284955281 0.000483629620 -0.262860615652 -0.136129660833 0.156413470102 0.136413532650 0.196277478416 -0.050864522874 -0.027579467477 -0.215331020170 0.349328598094 0.160094553453 0.144025449254 0.067555553248 0.041652507138
0.156852302760 -0.288677966969 0.153282640492 0.031674310014 0.020643486589 0.042716125409 0.288214889076 0.241759818283 -0.264387884321 -0.057386539157 0.160094553453 0.607586108403 -0.202778248599 0.252345673165 -0.067821904465
0.013815015660 -0.110916141167 0.100808290764 0.012632237823 -0.008017150761 0.060676492377 0.249480301550 -0.077790952695 0.116899255462 0.156664524941 0.144025449254 -0.202778248599 0.673722209667 0.030390693422 0.018954754147
-0.258764561777 0.001549131829 0.179539487666 -0.253131687730 0.077184303862 0.197157756729 0.087453037356 0.103221358707 -0.169430278028 0.042906750504 0.067555553248 0.252345673165 0.030390693422 0.429535021541 0.030166744897
-0.057425495858 -0.049236400853 -0.210584836414 0.180752776738 -0.049313975214 0.108407711186 -0.004439835842 -0.056985739546 -0.367676857631 0.014912372064 0.041652507138 -0.067821904465 0.018954754147 0.030166744897 0.686908217271
