100
0 87463 3177 66376 1064 77238 58405 32916 14128 61094 81158 36453 42949 54437 45853 14873 81580 34732 50656 94934 53787 53307 33244 55690 17101 8816 92140 40402 31996 17365 23433 98042 44680 11892 15755 87785 95517 2244 24421 54575 51464 54299 96826 90836 39833 75312 80005 5048 12147 77072 24698 78657 23310 78441 27267 18885 70873 9139 83118 56082 20223 16167 5740 84926 75816 65397 43312 70332 94489 88313 48060 46979 23437 58753 83011 7963 78077 94871 58507 38760 23129 57417 56243 69728 10141 5349 2670 38486 95929 48702 50936 12608 46995 87636 42822 32329 48156 36393 46135 23282
87463 0 49402 22421 26751 9855 97960 21186 9252 51650 99908 58803 81375 79790 72484 30099 17693 13953 74156 72315 72759 6395 18781 47804 86310 91840 72303 61740 28669 63332 77492 15855 68657 6997 7216 25323 61130 65226 57222 19118 76537 27646 32236 98970 28327 92215 18153 56212 37549 74312 36608 93818 64128 8428 92705 47351 9524 52844 93642 7360 36606 67770 5292 1771 89750 28737 3964 82441 72661 73601 97336 49862 60679 41765 19058 62745 58151 31079 43826 32545 75087 2022 81313 44808 10179 4340 91852 57426 69571 11012 43138 95161 82593 31248 38505 777 85198 4235 56784 82989
3177 49402 0 18039 54950 72300 9141 24900 35790 9250 71702 50938 49423 49138 42980 4558 9241 91541 64443 30301 41170 61311 10872 8792 4742 13049 56651 97711 94744 82739 5705 35834 56431 32137 84528 39114 40542 53429 44926 96480 37170 3120 2873 33480 35102 89826 11174 97395 81746 20602 35275 84764 48460 81902 79879 97163 94446 62965 34204 50850 83578 35920 15477 13116 56398 7696 9904 32789 38803 12464 90432 95315 25139 16057 86195 66643 61782 6244 55810 20403 9945 3906 3303 62252 42035 72670 26772 66880 65588 77871 90795 93116 16131 84237 93419 12183 28291 3033 61051 58667
66376 22421 18039 0 87484 19977 86126 80401 35238 65037 41246 23661 41268 35101 2528 15865 83516 42040 13618 38535 72150 14539 67722 57996 83579 30685 57422 49155 1194 79216 10223 32075 25366 12795 57591 23516 40834 77155 1298 49167 8034 34669 61600 20042 34487 91504 82344 4819 51241 2009 93298 36013 72198 69967 62865 97875 43463 93869 87779 51410 84822 9803 9601 34993 22250 53574 19371 21955 32926 31274 22853 10237 6214 72335 30859 28572 83639 22003 71439 9062 90883 12286 84595 49366 36046 74278 63304 64997 89783 86458 46563 59512 54111 15354 87039 5322 59744 87790 79562 17347
1064 26751 54950 87484 0 30675 86030 24570 56412 57406 77582 30440 16723 83211 2071 33344 13918 70119 93929 57680 29323 99974 36211 46107 13822 4288 13434 30912 858 38124 91166 13100 2937 1173 46948 91944 54807 85357 71024 43315 97139 16535 14961 37850 55499 51549 8380 13622 14111 9822 85650 35453 90745 58474 85375 42386 58431 20291 19615 6249 21849 39103 10620 63513 68591 32684 27661 10993 64026 19115 66680 42006 37891 98640 99634 46752 58039 26771 27475 39859 21535 16557 98190 99811 5032 58794 69556 49770 46440 78180 28566 10239 28826 8042 68576 20067 60705 87563 64950 18459
77238 9855 72300 19977 30675 0 55124 91527 13555 3211 42443 91059 81543 73170 61377 80588 75985 76815 43698 58985 89689 97744 33379 52920 35229 23799 98693 20195 4667 17847 38035 75061 98138 23050 24212 44325 22569 21692 35370 41044 40188 79512 42985 56280 20193 46600 24266 42749 64103 42430 84201 45235 62027 4264 49943 28480 28791 92419 19215 8036 55716 41435 2207 91734 2539 86776 72501 3834 71142 98400 29187 56147 47691 55654 22810 70594 80217 86781 95258 69370 16231 10352 90244 9209 66298 34437 68502 75105 97699 5348 73202 49791 55088 34718 15413 69021 68262 84425 182 69337
58405 97960 9141 86126 86030 55124 0 54637 92081 34432 72335 51477 67801 30549 24547 98010 35686 59771 15149 7665 67048 49163 15976 13667 81822 56668 76938 64966 24851 26273 70321 95187 32248 62942 29778 92093 78850 79128 66138 74283 87813 27462 42434 82516 98119 63831 74927 44634 49553 80633 57524 15871 52424 15365 38640 80522 66092 34246 3608 68401 22535 43425 76153 64503 55392 1414 36605 88424 57018 26958 38893 44354 72738 94596 45041 18623 96830 40402 9527 2417 60046 72710 47859 58267 64437 28496 89422 32018 26536 2915 37028 8329 36756 3446 6226 69381 16364 43089 11385 44046
32916 21186 24900 80401 24570 91527 54637 0 89404 68284 60692 95883 51050 85905 48785 89302 95658 79039 1543 449 88392 94041 740 19463 91824 84834 25060 29504 18929 63290 45877 37318 28968 71392 68063 75804 12092 59050 65436 59039 63473 74054 61642 79998 75535 3880 80831 69679 69599 81136 20753 88273 35088 60784 25429 43144 25327 89994 29369 4509 95091 55296 91976 39147 82056 22969 59609 47855 63165 56677 86095 92563 69242 21330 39105 47552 38806 2824 44098 75666 53974 65564 82807 5082 7887 21607 77332 93175 44948 35072 20058 15397 65341 25483 47129 65485 24544 33482 39176 58631
14128 9252 35790 35238 56412 13555 92081 89404 0 92143 25605 42233 69542 79803 28226 83153 77151 52666 39702 68818 29667 89034 93401 87228 35436 61292 39854 20722 71625 78900 82798 9785 64709 16723 4676 49619 35249 50753 51494 91021 14982 42942 96157 77985 82936 8039 51352 14776 59416 96707 95078 32937 55646 99404 26059 90312 80038 40208 15197 18806 36469 69019 5955 11500 28107 6536 87579 95728 80479 49440 96854 68440 49234 17569 11677 28103 85603 60633 5796 9804 72777 82684 36849 17001 90051 56557 58495 91049 47135 91409 98094 96731 55068 18886 25220 10076 79600 30644 28685 73050
61094 51650 9250 65037 57406 3211 34432 68284 92143 0 17931 62785 72979 12053 58939 17938 36975 19957 71577 51373 25743 84188 4169 57325 67904 69985 6840 59166 75342 50295 4833 48718 77683 30322 85796 68193 25074 87801 50620 82383 11839 38330 59258 63692 66724 55602 19845 77391 85544 7856 39591 49293 64645 68012 907 90571 5932 99012 35006 83160 42478 74960 2466 79650 54386 19145 5669 20014 74295 93672 14032 85077 42713 42869 88859 95657 53674 64609 2797 92050 55345 96596 67417 19215 62429 81927 46924 90523 72442 4385 58126 38505 16606 59413 8064 97470 91834 19819 65340 24952
81158 99908 71702 41246 77582 42443 72335 60692 25605 17931 0 39682 98752 69226 95938 40089 4309 13306 46494 8939 21609 26057 8752 70872 98416 72671 72675 45307 93349 85128 25955 25294 18234 55993 70175 90070 42573 58894 37465 36936 96190 37315 14953 72047 21238 85292 52453 21945 14324 96577 49873 21412 60306 39658 94868 39166 45961 49606 40899 96516 46833 3111 53270 66267 5336 15580 83055 73059 7185 71672 37902 45544 97629 79355 20229 73027 26125 56754 12245 67544 20383 978 41053 21609 357 2710 8790 93611 55923 92828 92307 58446 42368 11389 44820 44104 90714 38245 1562 21898
36453 58803 50938 23661 30440 91059 51477 95883 42233 62785 39682 0 89732 27797 40458 21156 37157 79171 93483 27807 1054 75314 42575 13897 15805 24636 44115 12453 47737 42434 36106 96647 33783 92433 68678 93410 67244 32780 81284 98269 53059 71094 4567 83505 41808 37492 83321 28282 53067 96745 1063 61894 45859 58592 391 99258 23913 572 7690 9997 50754 10880 44191 11621 82490 84471 90161 29578 31841 45537 97244 97549 77106 23734 4564 18009 27883 17113 4702 46646 49618 34117 78927 65640 62809 53006 74082 73405 91791 11464 10055 39170 73507 96274 20934 45818 63836 40778 77032 4611
42949 81375 49423 41268 16723 81543 67801 51050 69542 72979 98752 89732 0 91247 95162 12466 63597 8339 38789 21778 46869 12504 40504 74566 91263 49993 95185 89101 42786 4327 81101 92957 77160 65364 57757 22237 53259 77448 93466 85840 28479 9365 72892 21329 77780 32182 67093 90676 30030 25693 61652 6158 76676 97551 14183 98939 234 85187 98685 97566 42546 66771 1298 69367 88405 73863 69614 77048 53299 18583 20272 85864 27706 58614 90958 81120 36666 48042 46477 3043 84852 92913 49438 53469 70428 51080 56547 20613 42942 34490 81727 31720 20959 84628 31877 97018 14229 41975 5347 52721
54437 79790 49138 35101 83211 73170 30549 85905 79803 12053 69226 27797 91247 0 70408 74989 52226 8228 72491 68638 42964 24814 84786 9352 61513 3870 45628 73970 78572 21943 24750 16178 49126 9999 44056 54525 32875 4711 25994 53350 6429 59707 47810 6856 88024 91060 25873 18027 13845 91036 43603 74421 47145 95770 98088 3472 11305 45928 56896 86169 66686 34031 47585 20735 94971 5527 23014 23553 96331 84450 74810 93495 92880 69174 97852 77422 29120 57618 59302 88449 25751 13058 93230 59389 11452 80993 42175 89112 18644 32715 44476 88479 91134 54874 10508 53077 93286 24610 89403 7953
45853 72484 42980 2528 2071 61377 24547 48785 28226 58939 95938 40458 95162 70408 0 1071 88737 79358 19217 22338 41159 15167 68352 85040 68043 97452 39048 35406 22924 8457 45293 34265 12430 51325 84412 89830 72089 29836 3076 53457 43724 31012 71030 90937 46204 42648 20602 24405 99713 92797 71418 61477 39924 63350 12670 97495 88463 74911 3122 55020 13730 82125 5468 93891 61387 94544 70390 16188 11343 10795 40849 34590 84175 73992 58582 8252 11144 26098 4324 15798 23578 51513 48641 23024 39003 95879 10150 76140 22659 971 9525 42401 83329 44701 32425 22769 29759 26761 20781 76048
14873 30099 4558 15865 33344 80588 98010 89302 83153 17938 40089 21156 12466 74989 1071 0 56726 82797 55265 49463 18371 37785 3658 30946 50163 67553 23441 84594 83132 25318 20591 89095 86850 94011 94321 3510 97160 87297 81297 29992 80005 4311 66068 11246 16147 79484 19377 95385 6129 70841 76409 52104 49110 61890 92705 21584 71282 62046 97638 11756 78144 48469 35550 43397 25177 21811 44225 38428 58616 5879 2377 54492 4190 12886 20946 68008 84189 30895 86568 84822 69311 31259 94635 100000 13413 59621 16582 54278 80935 24382 3232 41538 18153 12009 89137 43776 9417 26198 12335 56699
81580 17693 9241 83516 13918 75985 35686 95658 77151 36975 4309 37157 63597 52226 88737 56726 0 32223 7319 91790 13173 69938 88931 30619 52055 20723 71516 52981 24365 60589 59238 64834 76622 60456 21401 25943 30748 12046 27169 2759 42397 8572 22533 50046 50151 87567 24915 51941 26354 28542 58728 36979 76736 14427 7348 26178 53184 3342 22796 9231 62241 11408 44602 49784 66499 83952 15955 70285 21001 48198 51176 5839 61162 68998 10875 64777 14691 46774 9515 40317 32426 99652 5963 83905 38724 23677 38394 54415 55741 38767 77802 20713 32227 6336 4594 11748 63498 51012 6748 17770
34732 13953 91541 42040 70119 76815 59771 79039 52666 19957 13306 79171 8339 8228 79358 82797 32223 0 14714 26502 74391 70914 71032 45094 15991 77469 50890 42076 9379 72339 36711 39840 21306 68100 50155 21293 20168 12680 50381 16627 80274 57682 73522 1052 9388 52136 10865 9972 48797 31578 53275 76584 53985 54772 97703 75342 29418 68537 46494 4412 58910 32640 5760 98141 94136 14860 99531 12454 23041 37281 7436 81118 21872 38767 66425 93830 56406 6833 26728 59278 78099 89237 61559 27303 38466 18627 6177 65338 59513 89644 82563 24184 10269 8504 67410 34870 98071 55872 9644 66996
50656 74156 64443 13618 93929 43698 15149 1543 39702 71577 46494 93483 38789 72491 19217 55265 7319 14714 0 89179 42198 75782 99099 16174 19123 36267 17061 5409 75409 49671 41795 73006 5359 75415 65061 7281 86783 51439 2499 972 56249 87331 60701 25747 45934 28020 68107 97165 52912 1707 52791 13654 48281 77972 41116 78442 9281 96727 76656 87771 17327 91374 1439 16513 47424 76802 95530 27298 40075 47950 31750 39230 62444 84103 76149 40557 89081 4330 8977 68029 42906 37463 22433 16402 8465 52556 85487 72801 92430 11178 53450 49033 80364 42226 49356 51263 80126 20185 45181 22291
94934 72315 30301 38535 57680 58985 7665 449 68818 51373 8939 27807 21778 68638 22338 49463 91790 26502 89179 0 99218 84474 71394 9154 66140 60337 43809 46522 66379 73810 10039 71170 14753 65190 64067 90057 74084 95569 81376 65359 63424 46460 38699 53682 64524 55468 44330 23585 62693 42736 56289 53015 20446 44727 1093 53334 94270 74062 75712 72969 10837 94540 74416 69739 83641 28570 63332 39919 20974 59928 44469 96174 18295 4519 98040 87423 7816 41453 32505 33516 74186 17492 70963 77198 85502 4179 56843 65344 6269 39914 53720 92651 92266 91747 45833 88384 47131 72590 42462 52070
53787 72759 41170 72150 29323 89689 67048 88392 29667 25743 21609 1054 46869 42964 41159 18371 13173 74391 42198 99218 0 22908 93127 38601 34603 39929 8668 87494 37259 36349 85516 36875 8366 73153 27675 61494 73641 9238 2253 86943 26590 54553 49727 32994 78876 37927 18173 79645 98338 19993 28719 50852 57093 22222 31586 47380 79706 61467 62799 11326 34202 33088 89200 57172 99449 49638 17801 3907 31318 64731 55090 29154 20305 73935 61111 29789 59046 41420 99251 6307 79987 84444 40413 91499 52630 30144 57025 15354 93509 26423 55016 94598 44566 99585 29281 22149 87875 32377 59022 55259
53307 6395 61311 14539 99974 97744 49163 94041 89034 84188 26057 75314 12504 24814 15167 37785 69938 70914 75782 84474 22908 0 17001 59833 41998 40223 52872 81560 34916 42144 11066 51689 75368 92405 30991 14851 31955 8686 28848 18587 29137 35491 2225 3807 59845 11764 2011 88417 12113 69416 69803 34888 78589 9840 9477 8577 38008 90621 31809 45026 22793 95697 77667 10613 61736 94473 7129 2673 92772 73376 69928 83002 75345 23319 16323 60273 37461 98097 58248 45181 56787 79139 45104 19876 7072 59165 9262 82581 69389 44586 80154 3807 85257 43863 31607 75658 3484 58192 38786 54311
33244 18781 10872 67722 36211 33379 15976 740 93401 4169 8752 42575 40504 84786 68352 3658 88931 71032 99099 71394 93127 17001 0 91654 59514 4300 48204 2384 16770 60775 49490 61011 11225 10334 87887 18872 21109 6896 78892 52351 47433 41577 18004 39783 52296 49704 45282 40339 59025 63201 69311 61291 38636 41698 62090 911 87909 99807 81902 68480 88554 79087 79087 52500 31848 13971 72450 96611 14399 61550 56528 89744 22435 70887 511 99647 59036 17037 44009 20521 7963 21849 4356 75899 44165 19198 75786 95536 27775 23467 12047 52007 88239 70036 17171 4070 57954 6664 53877 67540
55690 47804 8792 57996 46107 52920 13667 19463 87228 57325 70872 13897 74566 9352 85040 30946 30619 45094 16174 9154 38601 59833 91654 0 46887 77335 81520 50144 70365 70229 80391 68115 3925 38910 2390 42370 72684 83541 6480 76909 69268 55413 61952 28260 8851 80776 65064 47653 36790 8442 98191 11039 65387 19873 23203 88394 65151 3637 95734 78473 8684 39153 59972 99968 41774 58778 31913 19006 54950 23427 45290 97145 2409 61759 1176 79287 75733 78382 80018 74710 11622 83080 63831 92169 28824 70804 261 77992 75627 20724 82068 39889 48434 83566 82794 47338 29476 15929 66090 38523
17101 86310 4742 83579 13822 35229 81822 91824 35436 67904 98416 15805 91263 61513 68043 50163 52055 15991 19123 66140 34603 41998 59514 46887 0 93424 43986 38997 64253 87526 617 61433 82804 39125 70226 94671 4352 390 96148 75938 28330 75458 53043 21406 63187 23044 13272 91563 95321 7108 78279 34724 82491 54181 92239 97505 17984 7705 21710 43524 93674 67422 17375 65598 85007 75163 81011 29387 82265 46732 91735 27487 32606 24906 13495 91231 76382 13173 62255 6033 43941 33012 96402 92993 49395 75192 18895 36065 57054 59501 91007 89858 5754 31001 20783 93631 92679 80489 86278 2265
8816 91840 13049 30685 4288 23799 56668 84834 61292 69985 72671 24636 49993 3870 97452 67553 20723 77469 36267 60337 39929 40223 4300 77335 93424 0 26458 25446 9573 14676 6707 14260 34575 77515 94724 60697 60348 25402 67308 53977 14532 72160 68161 62214 53448 17425 25937 18533 97298 44401 94228 21661 6192 21077 16978 39712 83019 21508 86469 17833 23990 64991 87869 44059 80121 29965 19920 40426 575 7186 6730 17343 55719 90875 71482 89672 34117 55726 57448 40384 14558 93741 94650 80263 22686 90582 94785 38263 24525 91562 74052 98233 7611 11958 45015 98952 36271 87046 22579 25467
92140 72303 56651 57422 13434 98693 76938 25060 39854 6840 72675 44115 95185 45628 39048 23441 71516 50890 17061 43809 8668 52872 48204 81520 43986 26458 0 20538 46043 62763 61647 24592 55049 82761 66954 68434 70329 33509 99468 60913 48315 65627 52796 21935 58466 18818 91497 67420 14323 1574 27242 95731 20959 4512 24974 16072 77926 86235 36424 59873 65439 55547 71637 18486 26256 76908 23167 80679 60149 7912 87866 74448 66419 93579 2225 8371 83163 71136 75987 92882 68993 13242 93851 61845 54984 86336 17585 46802 53654 53967 5830 15872 66538 85201 69667 25633 48990 66291 16722 10486
40402 61740 97711 49155 30912 20195 64966 29504 20722 59166 45307 12453 89101 73970 35406 84594 52981 42076 5409 46522 87494 81560 2384 50144 38997 25446 20538 0 92405 11313 4681 57050 61174 43947 11237 20505 60198 91929 16055 96302 40221 70786 2318 11502 74024 35867 53134 68034 94784 90151 83826 44559 85961 91948 31244 2807 78962 43282 55271 39656 21266 75223 3379 49271 3113 68050 88440 53949 14131 90911 73194 12584 6120 49350 58202 85701 34695 61848 26007 34872 74844 90443 93607 31156 30500 39216 33202 36249 32450 7856 27188 87951 6958 63776 47861 68752 46672 9243 76711 76008
31996 28669 94744 1194 858 4667 24851 18929 71625 75342 93349 47737 42786 78572 22924 83132 24365 9379 75409 66379 37259 34916 16770 70365 64253 9573 46043 92405 0 9677 59274 53763 37333 68138 83571 27480 45087 560 51630 67564 45676 90173 14843 30600 87743 40500 87702 86266 83147 87302 4294 90893 17484 38975 91573 81742 56601 3844 75266 38932 17195 72856 28371 75572 83143 51863 28046 73707 90704 22417 49725 83394 44671 88004 61665 42446 92987 14876 98064 56428 42922 89687 296 67013 80034 68154 26080 96369 83436 92902 1924 43037 10800 56624 50253 79324 56529 30502 94725 21302
17365 63332 82739 79216 38124 17847 26273 63290 78900 50295 85128 42434 4327 21943 8457 25318 60589 72339 49671 73810 36349 42144 60775 70229 87526 14676 62763 11313 9677 0 80350 41587 93098 42240 51116 30070 97974 36120 88351 89650 77397 23999 81878 88238 31491 22529 39696 42042 93862 9164 22864 90914 63160 92576 23792 92047 78032 5115 24650 72095 73852 97803 41161 79530 66632 72571 62442 38360 34697 84024 27746 23785 56562 4399 36242 34522 69597 14325 95261 32675 20439 44139 36296 80220 30971 27517 82894 13122 43880 43403 72881 69045 31124 30829 39409 78435 87980 46828 47176 83581
23433 77492 5705 10223 91166 38035 70321 45877 82798 4833 25955 36106 81101 24750 45293 20591 59238 36711 41795 10039 85516 11066 49490 80391 617 6707 61647 4681 59274 80350 0 85142 61041 19244 79915 36462 10491 64656 9559 52787 21116 4890 17506 84034 16144 24353 17320 6655 88994 2292 10788 3185 66039 15958 86189 54810 44798 24667 80815 90687 32674 44514 32691 50139 47495 88873 53637 31631 16067 78318 58723 6678 63395 25749 52083 8790 94294 38159 27647 45282 63564 82654 89620 48647 53288 83284 82255 21735 65531 81090 49614 97476 27165 86349 22889 95484 77802 23126 2114 69981
98042 15855 35834 32075 13100 75061 95187 37318 9785 48718 25294 96647 92957 16178 34265 89095 64834 39840 73006 71170 36875 51689 61011 68115 61433 14260 24592 57050 53763 41587 85142 0 89179 83220 61246 14410 65272 90164 69902 68874 61495 59739 27374 59413 88143 67700 51600 86527 86517 24513 75056 76061 91471 34231 9602 30731 78146 38694 82136 95191 24378 49283 76954 36208 23910 90846 16149 53573 78639 23553 2540 76752 59494 65772 37803 23890 88784 22118 74753 25860 2544 80388 45706 90677 75363 8253 71705 3831 64899 24562 79164 23270 80729 98415 57635 50286 40374 28837 14715 41472
44680 68657 56431 25366 2937 98138 32248 28968 64709 77683 18234 33783 77160 49126 12430 86850 76622 21306 5359 14753 8366 75368 11225 3925 82804 34575 55049 61174 37333 93098 61041 89179 0 55278 21343 29637 7531 38087 15330 92889 75497 60010 22956 71354 60856 73041 37730 34935 91863 48243 33173 61173 57437 5724 96033 86878 38267 34388 1084 22153 19306 44605 45271 86723 23746 85366 90781 25896 6056 38542 37965 47215 60012 92815 72449 71727 76698 75916 70606 16512 77109 6113 57043 1819 5778 19711 36817 96219 92027 40846 96623 22499 56189 2726 4539 41782 5387 93730 26859 16345
11892 6997 32137 12795 1173 23050 62942 71392 16723 30322 55993 92433 65364 9999 51325 94011 60456 68100 75415 65190 73153 92405 10334 38910 39125 77515 82761 43947 68138 42240 19244 83220 55278 0 84460 30533 2629 90157 86172 93046 4218 94299 16717 92749 98363 8589 62235 86381 71806 30748 93428 43084 96913 1818 18846 39377 85576 80953 47031 30169 20036 71687 54603 37465 22931 68806 30971 23285 20487 99170 74680 98143 4288 39967 88565 58449 64239 87665 3537 71289 49915 75327 6136 80055 53748 38607 73525 16552 98686 56701 9909 11517 41665 53872 83871 66246 74395 2865 99569 77165
15755 7216 84528 57591 46948 24212 29778 68063 4676 85796 70175 68678 57757 44056 84412 94321 21401 50155 65061 64067 27675 30991 87887 2390 70226 94724 66954 11237 83571 51116 79915 61246 21343 84460 0 17143 84685 96162 74799 11766 77295 12919 55320 35658 88778 82558 60854 84752 82082 37310 16915 30165 73726 89094 59395 17051 51060 59523 65159 91268 36755 39502 15316 37157 26024 47389 88946 86339 60742 36807 42585 4553 69106 28103 33737 99542 99597 48586 56440 62913 43930 28313 19560 22388 37291 14341 51510 87179 31953 93352 15344 99032 83185 76851 30319 9947 60931 17406 4858 53220
87785 25323 39114 23516 91944 44325 92093 75804 49619 68193 90070 93410 22237 54525 89830 3510 25943 21293 7281 90057 61494 14851 18872 42370 94671 60697 68434 20505 27480 30070 36462 14410 29637 30533 17143 0 98283 28829 20796 62832 54584 94990 2713 37097 89927 89626 49891 72962 73063 33344 91889 16041 50495 99053 64177 94522 21666 18647 57805 41215 77969 53226 43021 25824 13664 35535 73394 92801 30953 1341 56675 43700 69844 41391 31235 73723 1838 50817 51942 16761 81279 66936 60800 74821 17631 74137 62883 98201 37893 36686 11932 70989 84179 23741 67907 86986 8427 73723 11324 4488
95517 61130 40542 40834 54807 22569 78850 12092 35249 25074 42573 67244 53259 32875 72089 97160 30748 20168 86783 74084 73641 31955 21109 72684 4352 60348 70329 60198 45087 97974 10491 65272 7531 2629 84685 98283 0 64237 77357 53602 5287 1758 3779 95677 66196 57787 13591 92439 93288 67565 14822 98718 15898 54100 6375 80595 8446 10213 51459 38111 93265 97999 63560 44398 79121 9438 12243 32107 1453 7172 66623 66989 78954 98553 73911 78687 97739 38840 96272 52503 23340 15718 94176 86310 1584 22145 15711 79090 8737 46924 95491 6332 41140 90043 56455 2415 90528 48400 33773 65712
2244 65226 53429 77155 85357 21692 79128 59050 50753 87801 58894 32780 77448 4711 29836 87297 12046 12680 51439 95569 9238 8686 6896 83541 390 25402 33509 91929 560 36120 64656 90164 38087 90157 96162 28829 64237 0 22561 16747 80490 18024 32374 73956 34910 33268 57116 53636 81544 14517 44982 20268 641 10740 4924 41727 47453 24459 55042 62809 65815 80432 3571 44312 98287 80517 60842 50046 28766 98634 50649 80656 55509 26319 36318 59722 71689 97459 91815 79056 9528 61646 67588 28305 11302 96905 3166 17483 81361 86099 96679 85810 57459 10613 70262 92341 49727 69388 19667 20868
24421 57222 44926 1298 71024 35370 66138 65436 51494 50620 37465 81284 93466 25994 3076 81297 27169 50381 2499 81376 2253 28848 78892 6480 96148 67308 99468 16055 51630 88351 9559 69902 15330 86172 74799 20796 77357 22561 0 1351 64676 96921 76615 96049 3993 53292 88414 61282 44587 75928 76302 80610 63484 17056 94917 79332 88301 10622 8516 68114 85562 67558 238 63036 6617 62519 49275 66133 71287 76075 69301 25239 28094 91003 24608 99319 89051 40614 37928 9840 18425 79614 11608 38626 29641 84084 38341 54479 16046 17421 98669 2714 42162 23554 55701 80795 854 47293 54310 94943
54575 19118 96480 49167 43315 41044 74283 59039 91021 82383 36936 98269 85840 53350 53457 29992 2759 16627 972 65359 86943 18587 52351 76909 75938 53977 60913 96302 67564 89650 52787 68874 92889 93046 11766 62832 53602 16747 1351 0 89894 90689 25402 99293 35364 20384 41451 44264 77658 49565 17676 66867 80957 31411 72854 31883 42692 54855 42619 53748 47378 18834 74830 64003 43081 46262 81890 48853 48465 92633 78121 82308 61275 60116 1815 627 14174 51254 12302 26235 70935 69077 99598 44506 90013 89255 10515 12542 29571 48443 22851 87518 98489 68219 95353 91185 86367 25351 51319 45290
51464 76537 37170 8034 97139 40188 87813 63473 14982 11839 96190 53059 28479 6429 43724 80005 42397 80274 56249 63424 26590 29137 47433 69268 28330 14532 48315 40221 45676 77397 21116 61495 75497 4218 77295 54584 5287 80490 64676 89894 0 96907 95164 5828 11397 75943 94961 88630 15539 48957 7066 49980 46908 19694 9591 16811 43615 40400 41320 88644 25940 12353 38989 41475 91214 88746 28355 24446 25374 39771 45442 7125 9459 60016 70419 19935 50691 99853 71885 93140 44256 62440 16598 19789 91160 99987 96505 13285 78786 32346 93352 33378 56913 5907 73219 77779 34238 11165 3368 76907
54299 27646 3120 34669 16535 79512 27462 74054 42942 38330 37315 71094 9365 59707 31012 4311 8572 57682 87331 46460 54553 35491 41577 55413 75458 72160 65627 70786 90173 23999 4890 59739 60010 94299 12919 94990 1758 18024 96921 90689 96907 0 25275 96804 48480 6516 90667 1531 79918 51956 29731 11534 15433 94631 29729 64551 34225 44408 79343 16172 55312 44387 22714 43973 93359 94493 14234 5067 51692 28182 10395 28803 35114 81561 26255 34928 86649 12571 81715 80096 73713 23171 71284 94621 42478 68971 22562 33899 167 81034 51588 9024 74782 76536 42594 65887 46013 79234 95717 82872
96826 32236 2873 61600 14961 42985 42434 61642 96157 59258 14953 4567 72892 47810 71030 66068 22533 73522 60701 38699 49727 2225 18004 61952 53043 68161 52796 2318 14843 81878 17506 27374 22956 16717 55320 2713 3779 32374 76615 25402 95164 25275 0 7324 48424 73266 87089 92320 97411 28845 12016 53139 1368 79138 48167 73444 35528 73232 90596 73148 1012 4020 64013 61602 16259 92078 83356 63610 10087 58712 14762 98993 34882 282 80017 22343 32245 15658 95191 69967 74296 67846 88326 12595 34934 38571 71552 66917 69975 80702 5661 36450 68482 94239 20551 75098 11430 48874 66460 65613
90836 98970 33480 20042 37850 56280 82516 79998 77985 63692 72047 83505 21329 6856 90937 11246 50046 1052 25747 53682 32994 3807 39783 28260 21406 62214 21935 11502 30600 88238 84034 59413 71354 92749 35658 37097 95677 73956 96049 99293 5828 96804 7324 0 87015 22293 40269 80976 45358 43463 48227 31518 15260 13209 423 86398 61962 44733 72777 967 64015 74067 16506 51086 73142 18995 71053 42940 20527 30930 5549 62905 84959 20247 93129 22993 63313 87874 98379 61157 60294 22001 47394 34946 43467 86736 58995 10651 64543 62185 61334 32570 54732 56452 86343 46690 18420 58675 95366 53873
39833 28327 35102 34487 55499 20193 98119 75535 82936 66724 21238 41808 77780 88024 46204 16147 50151 9388 45934 64524 78876 59845 52296 8851 63187 53448 58466 74024 87743 31491 16144 88143 60856 98363 88778 89927 66196 34910 3993 35364 11397 48480 48424 87015 0 5234 75699 4699 49610 79592 76198 38627 17900 48679 39269 15717 36378 10571 19557 74411 89273 67455 68772 25667 31737 76377 47164 26240 4487 71108 74547 71532 62605 4480 59354 70515 95819 72884 97583 55334 89908 19176 38043 86281 89664 31098 69381 63852 39312 61779 47425 66590 56114 10086 1007 53546 70401 60058 26452 41789
75312 92215 89826 91504 51549 46600 63831 3880 8039 55602 85292 37492 32182 91060 42648 79484 87567 52136 28020 55468 37927 11764 49704 80776 23044 17425 18818 35867 40500 22529 24353 67700 73041 8589 82558 89626 57787 33268 53292 20384 75943 6516 73266 22293 5234 0 33038 50879 89155 3630 43793 68515 65673 88868 71928 63726 4493 24336 79346 64293 99540 14139 86213 11100 14702 12734 17865 72221 64638 46922 27171 94134 63095 85717 15258 18449 55232 73873 71601 67268 77672 42658 23851 90861 31350 83587 83819 47761 96397 81121 35076 89606 20259 9484 2098 5841 47758 7400 31790 34825
80005 18153 11174 82344 8380 24266 74927 80831 51352 19845 52453 83321 67093 25873 20602 19377 24915 10865 68107 44330 18173 2011 45282 65064 13272 25937 91497 53134 87702 39696 17320 51600 37730 62235 60854 49891 13591 57116 88414 41451 94961 90667 87089 40269 75699 33038 0 47407 14316 55872 48177 84255 41846 98627 89349 41648 71176 75530 9383 57596 96794 28319 57229 83045 22404 64813 48850 27612 15529 96847 36271 84142 48009 76120 5024 1031 3980 7484 84669 68667 11592 37722 96215 63590 56497 53391 32879 74431 9022 36127 1988 11022 71153 13666 60882 49919 41693 20290 38476 5880
5048 56212 97395 4819 13622 42749 44634 69679 14776 77391 21945 28282 90676 18027 24405 95385 51941 9972 97165 23585 79645 88417 40339 47653 91563 18533 67420 68034 86266 42042 6655 86527 34935 86381 84752 72962 92439 53636 61282 44264 88630 1531 92320 80976 4699 50879 47407 0 10876 82325 23357 20744 90727 90077 10059 7491 15287 82691 90729 41596 44365 21718 9767 40501 51183 10891 46655 21595 34480 77527 93874 18618 12284 22957 67446 21426 85117 52379 5730 27053 60555 54803 34342 82482 24262 66080 71632 8154 89195 99593 47086 794 47849 98300 14525 42245 25090 41693 44268 86690
12147 37549 81746 51241 14111 64103 49553 69599 59416 85544 14324 53067 30030 13845 99713 6129 26354 48797 52912 62693 98338 12113 59025 36790 95321 97298 14323 94784 83147 93862 88994 86517 91863 71806 82082 73063 93288 81544 44587 77658 15539 79918 97411 45358 49610 89155 14316 10876 0 22853 94483 67408 80825 71735 52541 4426 22017 18125 15662 39334 2355 62216 27694 3919 50505 81874 91699 77943 16047 52753 10993 74523 93102 77914 39888 94124 2140 32541 68785 25053 91179 63219 87495 1164 81435 79006 59991 40598 80190 22479 47598 15740 10995 839 46240 63708 88421 57207 81972 7184
77072 74312 20602 2009 9822 42430 80633 81136 96707 7856 96577 96745 25693 91036 92797 70841 28542 31578 1707 42736 19993 69416 63201 8442 7108 44401 1574 90151 87302 9164 2292 24513 48243 30748 37310 33344 67565 14517 75928 49565 48957 51956 28845 43463 79592 3630 55872 82325 22853 0 29644 53566 79174 53887 60636 64930 68742 67778 69803 38384 39904 29478 499 10070 21618 2234 85451 9925 47964 59114 49549 63873 69835 10333 32627 72380 37496 56218 80325 92402 7369 6926 21181 2531 45617 25480 73319 86409 91535 8437 7133 10353 99197 33836 81693 11003 63955 8927 72237 17072
24698 36608 35275 93298 85650 84201 57524 20753 95078 39591 49873 1063 61652 43603 71418 76409 58728 53275 52791 56289 28719 69803 69311 98191 78279 94228 27242 83826 4294 22864 10788 75056 33173 93428 16915 91889 14822 44982 76302 17676 7066 29731 12016 48227 76198 43793 48177 23357 94483 29644 0 6253 39033 30699 43223 22134 91687 9654 43857 42657 61416 6887 30314 17960 73783 50143 9461 95419 79290 43063 52088 27617 71805 76728 81705 44658 38160 67472 5421 65196 37171 40875 32987 84596 48647 34589 10093 45688 24585 17777 44424 93343 84582 98755 5186 88204 23889 8959 80110 95032
78657 93818 84764 36013 35453 45235 15871 88273 32937 49293 21412 61894 6158 74421 61477 52104 36979 76584 13654 53015 50852 34888 61291 11039 34724 21661 95731 44559 90893 90914 3185 76061 61173 43084 30165 16041 98718 20268 80610 66867 49980 11534 53139 31518 38627 68515 84255 20744 67408 53566 6253 0 29083 88881 6319 88514 29851 46554 76932 64623 42852 65555 99556 88525 22605 63289 3814 24142 29595 44832 22015 79750 94295 99145 77105 51916 37088 10141 10677 7562 48320 22830 45363 57285 42607 67713 39534 25365 1554 73373 81666 86178 2370 85163 38123 29067 48489 43244 86081 82139
23310 64128 48460 72198 90745 62027 52424 35088 55646 64645 60306 45859 76676 47145 39924 49110 76736 53985 48281 20446 57093 78589 38636 65387 82491 6192 20959 85961 17484 63160 66039 91471 57437 96913 73726 50495 15898 641 63484 80957 46908 15433 1368 15260 17900 65673 41846 90727 80825 79174 39033 29083 0 73984 81761 691 56856 29909 10427 55092 24548 63685 51809 9150 78256 62247 1715 74069 55347 72373 32775 80343 97991 69817 84960 81184 18703 28808 39607 92838 1386 36057 36054 27435 14129 52189 94214 87134 46144 54236 45151 96949 64482 23238 18013 71755 75566 89735 46128 35287
78441 8428 81902 69967 58474 4264 15365 60784 99404 68012 39658 58592 97551 95770 63350 61890 14427 54772 77972 44727 22222 9840 41698 19873 54181 21077 4512 91948 38975 92576 15958 34231 5724 1818 89094 99053 54100 10740 17056 31411 19694 94631 79138 13209 48679 88868 98627 90077 71735 53887 30699 88881 73984 0 33306 77986 52605 95320 52948 62450 41686 27663 17216 30129 49716 73169 5723 25798 80120 56214 53259 5844 82312 19537 98075 64057 96526 14504 4556 50525 31799 94964 83118 87134 83243 40670 48391 59807 34861 94356 66212 17387 20345 71779 3290 24563 20774 5483 58024 54464
27267 92705 79879 62865 85375 49943 38640 25429 26059 907 94868 391 14183 98088 12670 92705 7348 97703 41116 1093 31586 9477 62090 23203 92239 16978 24974 31244 91573 23792 86189 9602 96033 18846 59395 64177 6375 4924 94917 72854 9591 29729 48167 423 39269 71928 89349 10059 52541 60636 43223 6319 81761 33306 0 297 60086 15795 73142 50235 68621 66287 31883 75948 78226 37459 21736 92884 6470 13330 6821 62945 36035 82693 3601 78318 99275 74863 73708 34429 87949 73225 75125 92779 71513 54202 26674 61469 97067 22224 62889 55056 36237 19111 82859 8162 93409 29061 60028 44767
18885 47351 97163 97875 42386 28480 80522 43144 90312 90571 39166 99258 98939 3472 97495 21584 26178 75342 78442 53334 47380 8577 911 88394 97505 39712 16072 2807 81742 92047 54810 30731 86878 39377 17051 94522 80595 41727 79332 31883 16811 64551 73444 86398 15717 63726 41648 7491 4426 64930 22134 88514 691 77986 297 0 14779 2947 35551 40071 16376 43918 49086 13056 52266 77174 27041 98145 99332 90574 99771 15086 97690 5693 60990 86556 8406 1093 46161 52884 31745 84040 22300 37200 27630 24176 58703 92373 60234 38975 43386 45128 44545 56643 98159 38960 98731 31443 50200 29686
70873 9524 94446 43463 58431 28791 66092 25327 80038 5932 45961 23913 234 11305 88463 71282 53184 29418 9281 94270 79706 38008 87909 65151 17984 83019 77926 78962 56601 78032 44798 78146 38267 85576 51060 21666 8446 47453 88301 42692 43615 34225 35528 61962 36378 4493 71176 15287 22017 68742 91687 29851 56856 52605 60086 14779 0 30203 65567 87014 93505 30298 37467 80122 67451 23694 91188 74042 70184 76853 37555 74392 37004 51792 56626 87730 638 51863 99453 44545 50992 48316 11974 16725 94922 77593 37390 95565 36095 53340 86976 38479 24898 4706 65245 35054 38480 5784 98258 58496
9139 52844 62965 93869 20291 92419 34246 89994 40208 99012 49606 572 85187 45928 74911 62046 3342 68537 96727 74062 61467 90621 99807 3637 7705 21508 86235 43282 3844 5115 24667 38694 34388 80953 59523 18647 10213 24459 10622 54855 40400 44408 73232 44733 10571 24336 75530 82691 18125 67778 9654 46554 29909 95320 15795 2947 30203 0 40183 57111 72049 30248 35537 68294 49830 58771 42554 36034 72630 11685 73846 54259 58757 53207 40880 10670 96750 11585 54786 81829 55799 53123 62051 4783 83897 52972 84088 17841 12167 35347 56805 28369 51298 68906 11642 69908 74268 34574 68780 39446
83118 93642 34204 87779 19615 19215 3608 29369 15197 35006 40899 7690 98685 56896 3122 97638 22796 46494 76656 75712 62799 31809 81902 95734 21710 86469 36424 55271 75266 24650 80815 82136 1084 47031 65159 57805 51459 55042 8516 42619 41320 79343 90596 72777 19557 79346 9383 90729 15662 69803 43857 76932 10427 52948 73142 35551 65567 40183 0 94195 11874 81392 42461 89418 80697 45640 90892 47140 41057 48158 22396 87168 70156 45621 15442 27583 82489 66154 34597 68608 10550 25356 83227 35961 83069 41194 52880 19736 54253 82604 78353 36797 89423 21460 45109 13287 87418 37097 56332 32301
56082 7360 50850 51410 6249 8036 68401 4509 18806 83160 96516 9997 97566 86169 55020 11756 9231 4412 87771 72969 11326 45026 68480 78473 43524 17833 59873 39656 38932 72095 90687 95191 22153 30169 91268 41215 38111 62809 68114 53748 88644 16172 73148 967 74411 64293 57596 41596 39334 38384 42657 64623 55092 62450 50235 40071 87014 57111 94195 0 1101 36805 84068 70558 38151 52351 45631 8334 81963 36925 21918 59029 98792 70289 1070 87408 30671 11564 69508 72147 4403 42904 74276 96400 73688 45402 94169 78130 15712 1208 69307 58198 54586 76193 66138 52751 19069 98064 14749 28625
20223 36606 83578 84822 21849 55716 22535 95091 36469 42478 46833 50754 42546 66686 13730 78144 62241 58910 17327 10837 34202 22793 88554 8684 93674 23990 65439 21266 17195 73852 32674 24378 19306 20036 36755 77969 93265 65815 85562 47378 25940 55312 1012 64015 89273 99540 96794 44365 2355 39904 61416 42852 24548 41686 68621 16376 93505 72049 11874 1101 0 72950 30345 51950 17567 31345 58256 73972 22341 86054 91183 15252 54216 28389 8505 44914 93944 78469 70820 63272 80567 10530 22994 15787 96968 4670 95707 67103 62154 675 13840 86079 18664 94918 67198 22509 79883 34482 22576 64688
16167 67770 35920 9803 39103 41435 43425 55296 69019 74960 3111 10880 66771 34031 82125 48469 11408 32640 91374 94540 33088 95697 79087 39153 67422 64991 55547 75223 72856 97803 44514 49283 44605 71687 39502 53226 97999 80432 67558 18834 12353 44387 4020 74067 67455 14139 28319 21718 62216 29478 6887 65555 63685 27663 66287 43918 30298 30248 81392 36805 72950 0 72363 74513 42081 95818 85272 32114 58685 84082 75276 65019 68309 80868 38134 18610 18057 87895 50077 29542 87425 5196 98677 3786 40036 75462 35586 89565 66341 50410 18673 28824 49988 63316 51373 2831 92403 92676 74955 16153
5740 5292 15477 9601 10620 2207 76153 91976 5955 2466 53270 44191 1298 47585 5468 35550 44602 5760 1439 74416 89200 77667 79087 59972 17375 87869 71637 3379 28371 41161 32691 76954 45271 54603 15316 43021 63560 3571 238 74830 38989 22714 64013 16506 68772 86213 57229 9767 27694 499 30314 99556 51809 17216 31883 49086 37467 35537 42461 84068 30345 72363 0 34137 47064 1342 38292 95046 8951 42707 26853 2222 14955 10571 23115 19307 62765 46056 35227 22708 66725 54686 58298 77130 39514 71974 69335 65786 13968 24640 68219 38356 60695 54850 66522 57752 87563 18316 82508 16740
84926 1771 13116 34993 63513 91734 64503 39147 11500 79650 66267 11621 69367 20735 93891 43397 49784 98141 16513 69739 57172 10613 52500 99968 65598 44059 18486 49271 75572 79530 50139 36208 86723 37465 37157 25824 44398 44312 63036 64003 41475 43973 61602 51086 25667 11100 83045 40501 3919 10070 17960 88525 9150 30129 75948 13056 80122 68294 89418 70558 51950 74513 34137 0 49476 67267 34313 2119 30298 48068 54272 3415 3828 49546 21643 79806 89127 8003 98871 66004 77409 92838 49658 40106 44105 15607 37122 32112 39768 14413 47182 39385 18713 59773 42195 71777 59778 43993 56048 59271
75816 89750 56398 22250 68591 2539 55392 82056 28107 54386 5336 82490 88405 94971 61387 25177 66499 94136 47424 83641 99449 61736 31848 41774 85007 80121 26256 3113 83143 66632 47495 23910 23746 22931 26024 13664 79121 98287 6617 43081 91214 93359 16259 73142 31737 14702 22404 51183 50505 21618 73783 22605 78256 49716 78226 52266 67451 49830 80697 38151 17567 42081 47064 49476 0 14778 38576 46033 9134 83191 69587 54655 43840 29697 72172 27581 24296 37614 49946 62460 94302 64220 6970 50214 21798 38236 14656 27551 11203 22241 99319 29764 76547 32880 75190 81561 94444 90165 45226 76665
65397 28737 7696 53574 32684 86776 1414 22969 6536 19145 15580 84471 73863 5527 94544 21811 83952 14860 76802 28570 49638 94473 13971 58778 75163 29965 76908 68050 51863 72571 88873 90846 85366 68806 47389 35535 9438 80517 62519 46262 88746 94493 92078 18995 76377 12734 64813 10891 81874 2234 50143 63289 62247 73169 37459 77174 23694 58771 45640 52351 31345 95818 1342 67267 14778 0 25785 47932 17306 40847 72414 44187 22190 23573 2880 1138 1061 74062 7535 86430 95618 1608 7028 86504 14177 95605 38019 14820 4068 15165 65262 65054 87235 22821 71860 1631 19513 45825 71873 97062
43312 3964 9904 19371 27661 72501 36605 59609 87579 5669 83055 90161 69614 23014 70390 44225 15955 99531 95530 63332 17801 7129 72450 31913 81011 19920 23167 88440 28046 62442 53637 16149 90781 30971 88946 73394 12243 60842 49275 81890 28355 14234 83356 71053 47164 17865 48850 46655 91699 85451 9461 3814 1715 5723 21736 27041 91188 42554 90892 45631 58256 85272 38292 34313 38576 25785 0 413 13991 94829 10854 78797 90572 75106 40145 28636 92859 73587 5425 81539 64203 36028 1464 76725 44194 3104 86648 11316 43464 5881 61072 47333 71888 50256 62680 71226 83718 32172 27199 77951
70332 82441 32789 21955 10993 3834 88424 47855 95728 20014 73059 29578 77048 23553 16188 38428 70285 12454 27298 39919 3907 2673 96611 19006 29387 40426 80679 53949 73707 38360 31631 53573 25896 23285 86339 92801 32107 50046 66133 48853 24446 5067 63610 42940 26240 72221 27612 21595 77943 9925 95419 24142 74069 25798 92884 98145 74042 36034 47140 8334 73972 32114 95046 2119 46033 47932 413 0 52744 8341 50113 34905 39979 30296 51992 37236 49507 97777 84855 29369 42764 49757 42413 87067 24343 96932 87934 82476 53649 99375 16853 48035 72945 24466 63817 75034 28315 84846 42870 84706
