397
0 0 6569225
-6569226 0 1
-6581016 83838 12325
-6613216 131838 45305
-6599622 -147496 32045
-6569424 -180018 2665
-6577278 237096 12325
-6564384 -279462 1105
-6581288 -327630 20213
-6565216 -361662 5945
-6565216 361662 5945
-6584584 469062 32045
-6556314 541648 9425
-6539720 -624246 221
-6539778 -681296 5945
-6539778 681296 5945
-6542536 -724698 13325
-6542536 724698 13325
-6524064 770202 145
-6525360 -811566 6409
-6525360 811566 6409
-6526014 827640 9061
-6522112 860634 9425
-6515670 -950832 15457
-6515670 950832 15457
-6492024 -1004718 85
-6643434 -1072512 160225
-6478758 1087344 145
-6471150 1133992 533
-6458130 1232840 5525
-6430528 -1344846 425
-6419944 -1408842 3485
-6419944 1408842 3485
-6409040 -1442034 41
-6400296 -1488522 1885
-6380058 -1569744 1105
-6367158 -1617056 65
-6367158 1617056 65
-6384054 -1670328 29725
-6334272 -1743810 697
-6329850 -1759032 493
-6320118 -1798776 1885
-6306480 1839390 25
-6367096 1906878 77285
-6236568 2065530 493
-6230442 -2090144 2465
-6263984 -2124738 45305
-6301008 2362794 160225
-6116298 -2406536 3485
-6116298 2406536 3485
-6087424 2485182 5945
-6063912 -2526630 13
-6063912 2526630 13
-6049960 2573970 5525
-5992602 2691864 205
-5951022 -2782296 85
-5951022 2782296 85
-5985342 -2889944 77285
-5880600 -2948286 9061
-5859216 -2976462 2665
-5859216 2976462 2665
-5835928 -3017646 725
-5835928 3017646 725
-5796390 -3091408 17
-5796390 3091408 17
-5806712 -3114930 20213
-5806712 3114930 20213
-5749770 -3179360 1025
-5749770 3179360 1025
-5727498 3221064 1885
-5748896 -3271422 45305
-5681874 -3298568 725
-5659696 -3335178 65
-5659696 3335178 65
-5703984 -3457938 101065
-5607078 -3424896 1105
-5607078 3424896 1105
-5563656 -3496458 1885
-5524848 -3586086 17425
-5480490 -3649968 15457
-5422830 -3717560 5525
-5418498 -3735864 12325
-5395984 -3751062 2465
-5395984 3751062 2465
-5418498 -3793664 45305
-5418498 3793664 45305
-5296032 3912810 15457
-5255384 3941538 5
-5197816 4022838 3485
-5182914 4051080 9061
-5171040 -4061934 6409
-5171040 4061934 6409
-5155878 -4092296 13325
-5155878 4092296 13325
-5083146 -4161640 221
-5083146 4161640 221
-5130642 4262544 101065
-4999176 -4262118 205
-4976928 -4288830 697
-4966866 -4309200 6409
-4966866 4309200 6409
-4936744 -4450242 77285
-4936744 4450242 77285
-4857882 -4423824 1105
-4791438 4497984 2665
-4757046 -4530520 29
-4751802 -4582264 32045
-4699232 4591026 425
-4713918 -4685624 77285
-4713918 4685624 77285
-4497984 4791438 2665
-4485066 -4840488 29725
-4485066 4840488 29725
-4345158 -4969544 32045
-4288830 -4976928 697
-4262118 -4999176 205
-4231974 -5036768 9425
-4161640 5083146 221
-4315194 -5296720 262769
-4123656 5114142 325
-4051080 5182914 9061
-4022838 -5197816 3485
-4022838 5197816 3485
-3981392 -5237094 9425
-3941538 5255384 5
-3912810 -5296032 15457
-3796408 5361810 533
-3751062 5395984 2465
-3735864 -5418498 12325
-3735864 5418498 12325
-3647160 -5465214 1189
-3496458 -5563656 1885
-3394312 -5647950 20213
-3278696 -5729478 32045
-3278696 5729478 32045
-3179360 -5749770 1025
-3179360 5749770 1025
-3178302 -5837336 77285
-3178302 5837336 77285
-3091408 5796390 17
-2976462 -5859216 2665
-2976462 5859216 2665
-2948286 -5880600 9061
-2948286 5880600 9061
-2906202 5906264 13325
-2782296 -5951022 85
-2782296 5951022 85
-2691864 -5992602 205
-2432360 -6108270 5525
-2432360 6108270 5525
-2406536 6116298 3485
-2391402 6121136 2465
-2362794 6301008 160225
-2185456 -6201342 5945
-2090144 -6230442 2465
-2065530 -6236568 493
-2065530 6236568 493
-2047320 6251586 9061
-2012256 -6256242 2665
-2012256 6256242 2665
-1979574 -6295032 29725
-1979574 6295032 29725
-1839390 6306480 25
-1798776 -6320118 1885
-1759032 -6329850 493
-1759032 6329850 493
-1743810 6334272 697
-1488522 -6400296 1885
-1442034 -6409040 41
-1344846 6430528 425
-1267350 -6461568 15457
-1232840 -6458130 5525
-1133992 -6471150 533
-1004718 6492024 85
-1004256 -6594258 101065
-1004256 6594258 101065
-827640 -6526014 9061
-811566 6525360 6409
-770202 -6524064 145
-770202 6524064 145
-724698 -6542536 13325
-681296 6539778 5945
-648088 6557490 20213
-624246 -6539720 221
-624246 6539720 221
-541648 -6556314 9425
-492480 -6557166 6409
-492480 6557166 6409
-410240 -6557430 1025
-237096 -6577278 12325
-147496 -6599622 32045
47816 6646338 77285
147496 6599622 32045
180018 -6569424 2665
180018 6569424 2665
279462 6564384 1105
361662 -6565216 5945
445096 -6557622 3485
445096 6557622 3485
469062 6584584 32045
541648 -6556314 9425
541648 6556314 9425
624246 -6539720 221
624246 6539720 221
681296 -6539778 5945
724698 6542536 13325
727704 6529122 325
770202 -6524064 145
827640 -6526014 9061
950832 -6515670 15457
1087344 -6478758 145
1087344 6478758 145
1133992 -6471150 533
1133992 6471150 533
1267350 -6461568 15457
1344846 -6430528 425
1344846 6430528 425
1395114 6583248 160225
1408842 -6419944 3485
1408842 6419944 3485
1442034 6409040 41
1488522 6400296 1885
1569744 -6380058 1105
1617056 -6367158 65
1617056 6367158 65
1670328 6384054 29725
1743810 -6334272 697
1743810 6334272 697
1759032 -6329850 493
1759032 6329850 493
1839390 -6306480 25
1839390 6306480 25
1906878 -6367096 77285
1906878 6367096 77285
2047320 -6251586 9061
2047320 6251586 9061
2065530 6236568 493
2124738 6263984 45305
2185456 -6201342 5945
2362794 6301008 160225
2391402 -6121136 2465
2391402 6121136 2465
2406536 -6116298 3485
2406536 6116298 3485
2432360 -6108270 5525
2485182 -6087424 5945
2526630 -6063912 13
2526630 6063912 13
2691864 -5992602 205
2730672 5993946 17425
3091408 -5796390 17
3114930 5806712 20213
3179360 5749770 1025
3221064 5727498 1885
3271422 -5748896 45305
3271422 5748896 45305
3298568 -5681874 725
3376386 -5636520 1189
3424896 -5607078 1105
3496458 -5563656 1885
3496458 5563656 1885
3554118 5562824 32045
3586086 -5524848 17425
3649968 -5480490 15457
3649968 5480490 15457
3793664 -5418498 45305
3796408 5361810 533
3912810 -5296032 15457
3912810 5296032 15457
3941538 -5255384 5
3941538 5255384 5
3981392 5237094 9425
4009664 -5206698 2465
4009664 5206698 2465
4022838 5197816 3485
4051080 -5182914 9061
4051080 5182914 9061
4061934 -5171040 6409
4061934 5171040 6409
4092296 5155878 13325
4123656 5114142 325
4161640 -5083146 221
4262544 -5130642 101065
4262118 4999176 205
4309200 -4966866 6409
4309200 4966866 6409
4450242 -4936744 77285
4450242 4936744 77285
4497984 -4791438 2665
4497984 4791438 2665
4530520 -4757046 29
4530520 4757046 29
4582264 -4751802 32045
4591026 4699232 425
4685624 -4713918 77285
4685624 4713918 77285
4757046 -4530520 29
4757046 4530520 29
4791438 -4497984 2665
4791438 4497984 2665
4840488 -4485066 29725
4857882 -4423824 1105
4857882 4423824 1105
4969544 -4345158 32045
4969544 4345158 32045
4976928 -4288830 697
4976928 4288830 697
5083146 -4161640 221
5083146 4161640 221
5114142 4123656 325
5171040 -4061934 6409
5206698 -4009664 2465
5255384 -3941538 5
5255384 3941538 5
5296032 -3912810 15457
5361810 -3796408 533
5361810 3796408 533
5395984 -3751062 2465
5395984 3751062 2465
5418498 3735864 12325
5422830 -3717560 5525
5422830 3717560 5525
5562824 -3554118 32045
5562824 3554118 32045
5563656 -3496458 1885
5594184 -3467262 12325
5594184 3467262 12325
5607078 3424896 1105
5647950 -3394312 20213
5647950 3394312 20213
5659696 3335178 65
5681874 3298568 725
5729478 3278696 32045
5749770 3179360 1025
5837336 3178302 77285
5835928 -3017646 725
5859216 -2976462 2665
5859216 2976462 2665
5906264 -2906202 13325
5906264 2906202 13325
5951022 -2782296 85
6049296 -2810478 101065
5992602 -2691864 205
6049960 -2573970 5525
6063912 -2526630 13
6063912 2526630 13
6087424 -2485182 5945
6087424 2485182 5945
6108270 -2432360 5525
6108270 2432360 5525
6116298 2406536 3485
6121136 -2391402 2465
6133952 2352510 377
6301008 2362794 160225
6201342 -2185456 5945
6230442 2090144 2465
6236568 -2065530 493
6236568 2065530 493
6251586 -2047320 9061
6251586 2047320 9061
6256242 -2012256 2665
6295032 -1979574 29725
6295032 1979574 29725
6320118 -1798776 1885
6320118 1798776 1885
6329850 1759032 493
6334272 -1743810 697
6334272 1743810 697
6385602 1725136 45305
6367158 1617056 65
6380058 -1569744 1105
6400296 -1488522 1885
6400296 1488522 1885
6419944 -1408842 3485
6452538 1393384 32045
6461568 1267350 15457
6458130 -1232840 5525
6471150 -1133992 533
6478758 1087344 145
6594258 1004256 101065
6522112 -860634 9425
6526014 827640 9061
6525360 811566 6409
6524064 770202 145
6542536 -724698 13325
6557490 -648088 20213
6556314 541648 9425
6557622 -445096 3485
6557622 445096 3485
6557430 410240 1025
6577278 -237096 12325
6577278 237096 12325
6569424 -180018 2665
6569424 180018 2665
6599622 -147496 32045
6599622 147496 32045
6585894 99792 17425
